Time-Stame, X-position, Y-position, Z-position, X-pixel, Y-pixel, Rotation-vector, Translation-vector, mua, mus, muaLUT, musLUT
0.000,93.38, 66.35, 1520.41, 1131.81, 832.60, -0.1799, 0.5396, 3.0757, 93.3830, 66.3465, 1520.4064, 0.3452, 0.0960, 0.0031, 2.8719
6.592,88.47, 66.56, 1524.72, 1103.69, 832.74, -0.1737, 0.5264, 3.0795, 88.4660, 66.5616, 1524.7185, -0.0017, 4.5974, 0.0500, 3.0000
12.007,83.59, 66.83, 1530.30, 1075.60, 832.86, -0.1673, 0.5111, 3.0839, 83.5940, 66.8268, 1530.2972, -0.0011, 5.9350, 0.0500, 3.0000
17.238,78.71, 67.08, 1536.02, 1047.61, 832.90, -0.1453, 0.5004, 3.0875, 78.7090, 67.0844, 1536.0221, 0.0005, 2.3161, 0.0001, 3.0000
22.474,73.81, 67.37, 1542.10, 1019.64, 833.02, -0.1299, 0.4909, 3.0919, 73.8074, 67.3728, 1542.0982, -0.0051, 4.9578, 0.0017, 3.0000
27.677,68.81, 67.61, 1546.73, 991.74, 833.18, -0.1216, 0.4742, 3.0962, 68.8124, 67.6049, 1546.7293, 1.3786, 0.4123, 0.0500, 3.0000
61.368,63.87, 67.91, 1553.14, 963.89, 833.31, -0.1051, 0.4457, 3.1015, 63.8697, 67.9102, 1553.1396, 0.0058, 2.8569, 0.0049, 3.0000
68.050,58.81, 68.12, 1557.29, 936.09, 833.45, -0.0870, 0.4353, 3.1052, 58.8083, 68.1199, 1557.2939, 2.7843, 7.7017, 0.0500, 3.0000
73.313,53.72, 68.30, 1560.75, 908.42, 833.60, -0.0708, 0.4324, 3.1077, 53.7182, 68.2982, 1560.7463, 0.9022, 1.4207, 0.0500, 3.0000
78.687,48.70, 68.62, 1567.64, 880.68, 833.69, -0.0343, 0.4059, 3.1129, 48.6982, 68.6170, 1567.6368, 0.0863, 0.1510, 0.0500, 1.7655
83.605,43.55, 68.77, 1570.68, 853.09, 833.81, -0.0115, 0.4108, 3.1139, 43.5544, 68.7741, 1570.6805, -0.0038, 5.2151, 0.0055, 3.0000
88.772,38.39, 68.92, 1573.63, 825.53, 833.91, -0.0255, -0.4078, -3.1143, 38.3941, 68.9229, 1573.6310, 1.9841, 0.4005, 0.0500, 3.0000
93.985,33.22, 69.11, 1576.74, 798.00, 834.18, -0.0415, -0.3871, -3.1152, 33.2236, 69.1120, 1576.7411, -0.0028, 2.3156, 0.0019, 3.0000
98.958,27.99, 69.17, 1577.33, 770.51, 834.37, -0.0827, -0.3849, -3.1129, 27.9942, 69.1726, 1577.3256, 3.2277, 8.4003, 0.0500, 3.0000
104.401,22.80, 69.26, 1578.67, 743.13, 834.50, -0.1070, -0.3850, -3.1120, 22.7948, 69.2582, 1578.6687, -0.0041, 2.6038, 0.0121, 3.0000
109.261,17.58, 69.36, 1580.14, 715.70, 834.70, -0.1300, -0.3888, -3.1082, 17.5762, 69.3609, 1580.1423, 0.1001, 0.1416, 0.0500, 3.0000
114.279,12.34, 69.32, 1578.56, 688.35, 834.85, -0.1680, -0.3975, -3.1041, 12.3399, 69.3211, 1578.5570, 0.4738, 24.2270, 0.0500, 3.0000
119.493,7.15, 69.39, 1579.25, 661.11, 835.07, -0.1813, -0.4008, -3.1014, 7.1457, 69.3948, 1579.2504, -0.0012, 2.9330, 0.0500, 3.0000
124.897,1.95, 69.24, 1575.05, 633.90, 835.23, -0.2112, -0.4227, -3.0956, 1.9467, 69.2403, 1575.0534, -0.0025, 6.2981, 0.0500, 3.0000
130.155,-3.24, 69.38, 1576.97, 606.67, 835.50, -0.2208, -0.4243, -3.0919, -3.2413, 69.3769, 1576.9736, -0.0026, 3.5198, 0.0500, 3.0000
135.231,-8.38, 69.15, 1571.36, 579.55, 835.62, -0.2506, -0.4481, -3.0860, -8.3814, 69.1531, 1571.3568, -0.0044, 7.2856, 0.0500, 3.0000
140.537,-13.57, 69.38, 1575.03, 552.39, 835.93, -0.2542, -0.4356, -3.0845, -13.5713, 69.3753, 1575.0330, 0.0026, 4.7241, 0.0500, 3.0000
145.668,-18.66, 69.17, 1570.02, 525.36, 836.02, -0.2852, -0.4574, -3.0792, -18.6586, 69.1721, 1570.0154, 0.0098, 2.4491, 0.0500, 3.0000
150.745,-23.80, 69.25, 1570.37, 498.28, 836.36, -0.2958, -0.4645, -3.0752, -23.8030, 69.2519, 1570.3662, 1.0285, 1.3074, 0.0500, 3.0000
155.900,-28.89, 69.24, 1569.05, 471.37, 836.58, -0.3048, -0.4656, -3.0728, -28.8860, 69.2368, 1569.0509, 0.0004, 6.3552, 0.0500, 3.0000
160.976,-33.87, 69.03, 1563.26, 444.43, 836.83, -0.3250, -0.4800, -3.0660, -33.8707, 69.0291, 1563.2550, 0.0785, 0.1563, 0.0199, 3.0000
166.052,-38.94, 69.04, 1562.36, 417.50, 837.07, -0.3368, -0.4911, -3.0621, -38.9368, 69.0355, 1562.3569, 0.0009, 6.1856, 0.0500, 3.0000
171.085,-43.98, 69.05, 1561.64, 390.66, 837.32, -0.3437, -0.4971, -3.0591, -43.9851, 69.0527, 1561.6397, 1.0275, 1.3185, 0.0500, 3.0000
176.434,-48.98, 69.00, 1559.34, 363.79, 837.55, -0.3591, -0.5073, -3.0541, -48.9837, 68.9947, 1559.3381, 0.0963, -0.1468, 0.0500, 3.0000
181.580,-53.90, 68.88, 1555.72, 337.06, 837.81, -0.3687, -0.5192, -3.0504, -53.8973, 68.8840, 1555.7232, 0.0453, 0.1943, 0.0033, 3.0000
186.850,-58.89, 68.89, 1554.60, 310.30, 838.12, -0.3751, -0.5259, -3.0465, -58.8862, 68.8939, 1554.5971, -0.0039, 3.6666, 0.0380, 3.0000
337.934,94.76, 42.59, 1563.87, 1124.98, 699.16, -0.1266, 0.5921, 3.0649, 94.7619, 42.5895, 1563.8733, 0.7660, -0.8592, 0.0047, 3.0000
355.654,89.84, 42.77, 1568.61, 1097.50, 699.42, -0.1157, 0.5824, 3.0686, 89.8390, 42.7685, 1568.6046, -0.0045, 6.0004, 0.0500, 3.0000
361.469,84.91, 42.95, 1573.68, 1070.05, 699.66, -0.1026, 0.5758, 3.0721, 84.9085, 42.9536, 1573.6801, 1.7013, 3.2987, 0.0500, 3.0000
366.360,80.01, 43.16, 1579.74, 1042.67, 699.88, -0.0846, 0.5607, 3.0764, 80.0067, 43.1619, 1579.7399, 3.9949, 10.0044, 0.0500, 0.7289
371.864,74.94, 43.30, 1582.85, 1015.37, 700.16, -0.0767, 0.5564, 3.0798, 74.9406, 43.3023, 1582.8498, 0.0627, 0.8334, 0.0500, 3.0000
377.363,69.96, 43.49, 1588.02, 988.16, 700.39, -0.0588, 0.5438, 3.0821, 69.9624, 43.4888, 1588.0211, 0.0071, 3.0841, 0.0001, 3.0000
382.816,64.89, 43.65, 1591.73, 960.94, 700.69, -0.0479, 0.5427, 3.0848, 64.8897, 43.6481, 1591.7348, 1.2121, 1.1294, 0.0500, 3.0000
388.536,59.88, 43.86, 1597.68, 933.73, 700.93, -0.0245, 0.5283, 3.0885, 59.8767, 43.8590, 1597.6802, 0.9336, 2.2645, 0.0500, 3.0000
393.585,54.76, 44.02, 1601.25, 906.62, 701.25, -0.0018, 0.5200, 3.0920, 54.7633, 44.0198, 1601.2499, -0.0049, 6.4199, 0.0500, 3.0000
399.704,49.58, 44.10, 1602.34, 879.65, 701.52, 0.0021, 0.5313, 3.0918, 49.5776, 44.1024, 1602.3440, 3.9992, 10.1322, 0.0089, 3.0000
404.980,44.45, 44.27, 1606.13, 852.65, 701.86, 0.0265, 0.5038, 3.0967, 44.4538, 44.2733, 1606.1328, -0.0000, 3.6754, 0.0500, 3.0000
410.227,39.28, 44.41, 1608.87, 825.68, 702.16, 0.0409, 0.5032, 3.0982, 39.2837, 44.4087, 1608.8704, 0.4410, -0.4768, 0.0500, 3.0000
415.759,34.07, 44.49, 1609.76, 798.77, 702.46, 0.0624, 0.5079, 3.0995, 34.0690, 44.4928, 1609.7578, 1.5116, 4.6461, 0.0009, 3.0000
420.944,28.90, 44.65, 1613.30, 771.88, 702.75, -0.0827, -0.5013, -3.0993, 28.9013, 44.6489, 1613.3028, -0.0024, 3.8806, 0.0500, 3.0000
426.072,23.69, 44.74, 1614.45, 745.07, 703.05, -0.0992, -0.5034, -3.0963, 23.6888, 44.7403, 1614.4501, 1.2319, 1.3292, 0.0500, 3.0000
431.169,18.48, 44.85, 1616.36, 718.26, 703.35, -0.1218, -0.4992, -3.0950, 18.4798, 44.8515, 1616.3639, 0.1180, 0.1345, 0.0500, 3.0000
436.395,13.27, 44.93, 1616.57, 691.61, 703.73, -0.1354, -0.4985, -3.0936, 13.2744, 44.9335, 1616.5688, 1.3787, 0.5797, 0.0500, 3.0000
441.569,8.05, 45.01, 1616.95, 664.86, 704.04, -0.1626, -0.4948, -3.0912, 8.0485, 45.0067, 1616.9518, 0.0282, 1.1607, 0.0500, 3.0000
446.801,2.86, 45.04, 1615.92, 638.31, 704.35, -0.1709, -0.5078, -3.0868, 2.8574, 45.0390, 1615.9188, 3.5214, 9.5111, 0.0500, 3.0000
452.591,-2.35, 45.09, 1615.48, 611.65, 704.68, -0.1939, -0.5128, -3.0829, -2.3493, 45.0914, 1615.4787, 1.1905, 1.6364, 0.0500, 3.0000
458.091,-7.53, 45.18, 1616.16, 585.13, 705.05, -0.2054, -0.5086, -3.0820, -7.5302, 45.1837, 1616.1653, 2.8152, 7.4680, 0.0500, 3.0000
463.935,-12.70, 45.20, 1614.24, 558.60, 705.40, -0.2235, -0.5154, -3.0773, -12.6987, 45.2003, 1614.2421, 0.8938, 1.8203, 0.0500, 3.0000
469.069,-17.84, 45.20, 1612.24, 532.14, 705.71, -0.2422, -0.5236, -3.0738, -17.8382, 45.2053, 1612.2411, 0.0002, 6.3340, 0.0035, 3.0000
474.545,-23.00, 45.26, 1612.27, 505.68, 705.96, -0.2523, -0.5346, -3.0698, -22.9949, 45.2562, 1612.2661, -0.0028, 2.8748, 0.0173, 3.0000
479.914,-28.15, 45.34, 1612.93, 479.31, 706.28, -0.2592, -0.5405, -3.0669, -28.1464, 45.3379, 1612.9263, 0.0854, -0.1397, 0.0500, 0.7056
484.906,-33.30, 45.41, 1613.12, 452.90, 706.62, -0.2727, -0.5472, -3.0629, -33.2983, 45.4116, 1613.1211, 0.1033, 0.1402, 0.0500, 3.0000
490.538,-38.40, 45.47, 1612.02, 426.59, 707.06, -0.2845, -0.5458, -3.0599, -38.4026, 45.4666, 1612.0161, 0.0512, 3.7410, 0.0500, 3.0000
495.765,-43.45, 45.46, 1609.52, 400.35, 707.37, -0.2965, -0.5543, -3.0560, -43.4485, 45.4584, 1609.5210, 0.0006, 4.9380, 0.0500, 3.0000
501.026,-48.49, 45.47, 1607.62, 374.14, 707.72, -0.3068, -0.5597, -3.0531, -48.4903, 45.4735, 1607.6208, 0.2298, 0.1013, 0.0500, 3.0000
506.737,-53.52, 45.49, 1605.56, 347.91, 708.09, -0.3208, -0.5644, -3.0495, -53.5188, 45.4879, 1605.5593, 1.3026, 8.6851, 0.0500, 3.0000
512.345,-58.44, 45.44, 1601.39, 321.76, 708.46, -0.3306, -0.5784, -3.0441, -58.4410, 45.4424, 1601.3881, 0.0043, 5.3312, 0.0500, 3.0000
686.153,94.99, 18.45, 1606.26, 1112.92, 571.08, -0.0773, 0.6439, 3.0546, 94.9886, 18.4540, 1606.2590, 0.0012, 4.6207, 0.0500, 3.0000
691.889,90.02, 18.59, 1610.61, 1086.08, 571.50, -0.0653, 0.6284, 3.0593, 90.0209, 18.5871, 1610.6051, -0.0004, 3.7253, 0.0500, 3.0000
697.062,85.01, 18.70, 1614.47, 1059.28, 571.87, -0.0565, 0.6240, 3.0618, 85.0080, 18.7053, 1614.4736, 1.6583, 1.1186, 0.0500, 3.0000
701.925,80.03, 18.83, 1619.22, 1032.57, 572.23, -0.0498, 0.6203, 3.0639, 80.0296, 18.8328, 1619.2210, 0.0019, 10.6429, 0.0131, 3.0000
706.916,74.98, 18.94, 1623.00, 1005.87, 572.57, -0.0334, 0.6118, 3.0668, 74.9780, 18.9437, 1622.9996, 0.8039, 1.9618, 0.0500, 3.0000
711.875,69.96, 19.08, 1627.84, 979.22, 572.95, -0.0221, 0.6061, 3.0701, 69.9581, 19.0769, 1627.8386, 0.0106, 3.9209, 0.0500, 3.0000
717.033,64.83, 19.19, 1630.31, 952.66, 573.35, -0.0121, 0.6065, 3.0719, 64.8299, 19.1858, 1630.3105, -0.0021, 12.7361, 0.0500, 3.0000
722.140,59.70, 19.29, 1632.92, 926.15, 573.73, 0.0005, 0.6014, 3.0738, 59.7024, 19.2925, 1632.9198, 0.0755, 0.1618, 0.0500, 3.0000
727.701,54.60, 19.42, 1637.10, 899.62, 574.12, 0.0201, 0.5913, 3.0772, 54.6040, 19.4212, 1637.0969, -0.0008, 5.8513, 0.0093, 3.0000
733.375,49.47, 19.55, 1640.18, 873.18, 574.57, 0.0315, 0.5829, 3.0802, 49.4646, 19.5486, 1640.1842, 1.8332, 0.4815, 0.0500, 3.0000
738.785,44.31, 19.66, 1643.35, 846.75, 574.93, 0.0490, 0.5816, 3.0815, 44.3116, 19.6583, 1643.3476, -0.0034, 13.2948, 0.0500, 3.0000
744.435,39.09, 19.74, 1643.81, 820.43, 575.30, 0.0582, 0.5921, 3.0815, 39.0933, 19.7391, 1643.8143, 0.0002, 5.7251, 0.0500, 3.0000
749.652,33.91, 19.85, 1646.10, 794.13, 575.73, 0.0759, 0.5850, 3.0832, 33.9147, 19.8527, 1646.0949, 0.6380, 1.9123, 0.0500, 3.0000
755.121,28.74, 19.99, 1649.97, 767.78, 576.16, 0.0930, 0.5784, 3.0863, 28.7397, 19.9872, 1649.9671, 0.0803, 0.1558, 0.0043, 3.0000
761.089,23.52, 20.08, 1650.74, 741.56, 576.55, -0.1088, -0.5779, -3.0851, 23.5223, 20.0755, 1650.7384, 0.1138, 0.1581, 0.0500, 3.0000
767.714,18.32, 20.17, 1652.04, 715.42, 576.96, -0.1160, -0.5821, -3.0824, 18.3201, 20.1741, 1652.0408, -0.0040, -1.9362, 0.0500, 3.0000
773.234,13.11, 20.28, 1652.81, 689.28, 577.43, -0.1308, -0.5808, -3.0802, 13.1061, 20.2802, 1652.8103, 1.0719, 2.0592, 0.0500, 3.0000
779.310,7.90, 20.38, 1653.94, 663.19, 577.83, -0.1460, -0.5792, -3.0794, 7.8990, 20.3755, 1653.9380, 1.6310, 4.9659, 0.0500, 3.0000
784.911,2.69, 20.46, 1654.14, 637.14, 578.26, -0.1576, -0.5824, -3.0761, 2.6919, 20.4641, 1654.1383, 0.3624, 8.0706, 0.0500, 3.0000
790.681,-2.51, 20.54, 1654.21, 611.14, 578.61, -0.1766, -0.5819, -3.0751, -2.5065, 20.5374, 1654.2087, 1.4079, 1.2207, 0.0500, 3.0000
796.799,-7.70, 20.62, 1653.19, 585.16, 579.09, -0.1874, -0.5866, -3.0709, -7.6961, 20.6207, 1653.1889, -0.0005, 4.8754, 0.0500, 3.0000
802.604,-12.87, 20.69, 1652.48, 559.23, 579.49, -0.2034, -0.5911, -3.0676, -12.8723, 20.6943, 1652.4783, 0.0033, 1.6763, 0.0091, 3.0000
808.204,-18.09, 20.82, 1655.48, 533.29, 579.93, -0.2119, -0.5898, -3.0658, -18.0867, 20.8220, 1655.4800, -0.0027, 5.9004, 0.0500, 3.0000
814.186,-23.24, 20.89, 1653.43, 507.40, 580.39, -0.2265, -0.5925, -3.0619, -23.2383, 20.8883, 1653.4257, 0.0530, 0.1830, 0.0500, 3.0000
820.762,-28.39, 20.98, 1652.97, 481.60, 580.85, -0.2373, -0.5940, -3.0597, -28.3877, 20.9770, 1652.9687, 1.4530, 1.0586, 0.0500, 3.0000
826.680,-33.50, 21.04, 1651.51, 455.85, 581.28, -0.2476, -0.6008, -3.0560, -33.5031, 21.0444, 1651.5142, 1.9440, 5.5644, 0.0500, 3.0000
832.462,-38.64, 21.13, 1651.10, 430.05, 581.71, -0.2600, -0.6044, -3.0528, -38.6433, 21.1263, 1651.0957, 0.0936, 0.1447, 0.0001, 3.0000
837.918,-43.75, 21.21, 1650.56, 404.38, 582.17, -0.2695, -0.6064, -3.0505, -43.7523, 21.2144, 1650.5549, 1.7480, 0.4769, 0.0500, 3.0000
844.085,-48.92, 21.32, 1652.11, 378.68, 582.61, -0.2775, -0.6060, -3.0488, -48.9248, 21.3240, 1652.1091, 2.2962, 4.8659, 0.0500, 3.0000
849.662,-53.95, 21.38, 1649.31, 353.04, 583.09, -0.2911, -0.6128, -3.0438, -53.9539, 21.3843, 1649.3118, 1.1573, 1.2421, 0.0023, 3.0000
856.578,-58.95, 21.44, 1646.68, 327.50, 583.53, -0.2971, -0.6206, -3.0411, -58.9510, 21.4392, 1646.6825, 0.0963, 0.1352, 0.0033, 3.0000
997.421,95.46, -5.74, 1644.29, 1103.98, 449.22, -0.0434, 0.6870, 3.0444, 95.4618, -5.7406, 1644.2908, 0.0738, -0.1207, 0.0500, 3.0000
1003.730,90.48, -5.66, 1648.76, 1077.71, 449.68, -0.0375, 0.6809, 3.0465, 90.4852, -5.6618, 1648.7608, 0.3864, 17.3457, 0.0500, 3.0000
1057.592,85.45, -5.58, 1652.36, 1051.51, 450.14, -0.0235, 0.6783, 3.0487, 85.4495, -5.5811, 1652.3620, 0.1808, 0.1098, 0.0125, 3.0000
1065.203,80.40, -5.49, 1656.03, 1025.35, 450.63, -0.0181, 0.6755, 3.0507, 80.4042, -5.4934, 1656.0267, 0.0044, 5.3306, 0.0500, 3.0000
1070.431,75.39, -5.41, 1660.67, 999.23, 451.11, -0.0092, 0.6696, 3.0537, 75.3861, -5.4122, 1660.6739, 1.5713, 0.9664, 0.0500, 2.1498
1076.278,70.30, -5.32, 1664.02, 973.18, 451.61, 0.0011, 0.6619, 3.0563, 70.2987, -5.3199, 1664.0204, 0.9266, 1.8425, 0.0001, 3.0000
1083.022,65.16, -5.23, 1666.35, 947.18, 452.10, 0.0136, 0.6627, 3.0585, 65.1586, -5.2263, 1666.3453, -0.0030, 7.9397, 0.0500, 3.0000
1088.663,60.07, -5.13, 1670.29, 921.20, 452.62, 0.0216, 0.6536, 3.0613, 60.0677, -5.1319, 1670.2933, -0.0005, 6.3031, 0.0500, 3.0000
1094.166,54.92, -5.04, 1672.90, 895.28, 453.10, 0.0337, 0.6522, 3.0632, 54.9202, -5.0426, 1672.8964, 1.4892, 8.0640, 0.0045, 3.0000
1099.823,49.79, -4.95, 1676.52, 869.39, 453.62, 0.0410, 0.6437, 3.0659, 49.7927, -4.9458, 1676.5184, 0.1002, 0.1538, 0.0199, 3.0000
1105.681,44.62, -4.86, 1679.04, 843.54, 454.07, 0.0574, 0.6470, 3.0668, 44.6211, -4.8596, 1679.0376, 2.2686, 0.4739, 0.0500, 3.0000
1111.082,39.45, -4.77, 1681.85, 817.73, 454.56, 0.0672, 0.6454, 3.0682, 39.4500, -4.7664, 1681.8460, -0.0089, 4.3298, 0.0500, 3.0000
1117.183,34.26, -4.67, 1683.58, 792.01, 455.07, 0.0788, 0.6422, 3.0704, 34.2554, -4.6668, 1683.5796, -0.0056, 3.2070, 0.0500, 3.0000
1122.843,29.04, -4.57, 1684.25, 766.30, 455.56, 0.0943, 0.6421, 3.0715, 29.0363, -4.5670, 1684.2501, 0.0032, 5.4450, 0.0500, 3.0000
1128.353,23.85, -4.47, 1686.39, 740.68, 456.06, 0.1020, 0.6435, 3.0719, 23.8495, -4.4689, 1686.3906, 0.0090, 1.7635, 0.0019, 3.0000
1133.919,18.62, -4.36, 1686.48, 715.01, 456.58, -0.1179, -0.6428, -3.0717, 18.6180, -4.3621, 1686.4827, 1.4168, 4.4304, 0.0500, 3.0000
1139.512,13.43, -4.26, 1689.34, 689.47, 457.09, -0.1246, -0.6356, -3.0723, 13.4338, -4.2631, 1689.3366, 0.0032, 2.9680, 0.0500, 3.0000
1144.922,8.20, -4.16, 1688.88, 663.85, 457.57, -0.1435, -0.6414, -3.0685, 8.2016, -4.1611, 1688.8755, 0.4571, 15.9339, 0.0035, 3.0000
1150.390,3.01, -4.05, 1690.11, 638.40, 458.11, -0.1490, -0.6382, -3.0678, 3.0082, -4.0522, 1690.1075, 0.3443, 7.1831, 0.0500, 3.0000
1155.836,-2.21, -3.95, 1690.33, 612.87, 458.59, -0.1635, -0.6422, -3.0641, -2.2071, -3.9544, 1690.3337, 0.1392, 0.1221, 0.0017, 3.0000
1161.082,-7.40, -3.85, 1690.92, 587.45, 459.12, -0.1728, -0.6437, -3.0622, -7.4039, -3.8457, 1690.9161, 0.1962, -0.2137, 0.0500, 3.0000
1166.328,-12.62, -3.74, 1692.52, 562.00, 459.63, -0.1879, -0.6402, -3.0605, -12.6174, -3.7431, 1692.5204, -0.0049, 4.3608, 0.0500, 3.0000
1171.650,-17.81, -3.63, 1693.32, 536.66, 460.17, -0.1962, -0.6414, -3.0580, -17.8103, -3.6318, 1693.3151, 0.0032, 7.4445, 0.0500, 3.0000
1176.895,-22.98, -3.52, 1692.68, 511.36, 460.71, -0.2094, -0.6400, -3.0558, -22.9800, -3.5173, 1692.6825, -0.0031, 5.0265, 0.0081, 3.0000
1187.850,-28.13, -3.41, 1690.96, 486.06, 461.21, -0.2220, -0.6473, -3.0517, -28.1271, -3.4103, 1690.9585, -0.0061, 4.1492, 0.0027, 3.0000
1194.888,-33.30, -3.31, 1692.12, 460.86, 461.71, -0.2271, -0.6489, -3.0503, -33.3023, -3.3095, 1692.1224, -0.0038, 3.4279, 0.0003, 3.0000
1200.768,-38.44, -3.19, 1691.25, 435.62, 462.28, -0.2368, -0.6515, -3.0463, -38.4444, -3.1882, 1691.2480, 1.3987, 0.9208, 0.0500, 3.0000
1206.341,-43.58, -3.09, 1690.90, 410.46, 462.77, -0.2465, -0.6533, -3.0443, -43.5789, -3.0857, 1690.9023, 0.1647, -0.1581, 0.0500, 3.0000
1212.038,-48.71, -2.98, 1690.55, 385.31, 463.28, -0.2560, -0.6567, -3.0419, -48.7095, -2.9786, 1690.5467, 1.7064, 0.8062, 0.0073, 3.0000
1217.400,-53.89, -2.87, 1692.16, 360.22, 463.82, -0.2615, -0.6578, -3.0396, -53.8867, -2.8701, 1692.1604, -0.0011, 7.5475, 0.0500, 3.0000
1222.715,-58.95, -2.75, 1690.31, 335.14, 464.40, -0.2719, -0.6588, -3.0366, -58.9516, -2.7466, 1690.3094, -0.0027, 5.0393, 0.0500, 3.0000
1333.299,96.23, -29.99, 1680.86, 1097.32, 332.47, -0.0205, 0.7251, 3.0361, 96.2303, -29.9907, 1680.8575, 1.4965, 0.4290, 0.0033, 3.0000
1341.227,91.25, -29.96, 1685.38, 1071.61, 333.03, -0.0123, 0.7180, 3.0388, 91.2525, -29.9562, 1685.3822, -0.0015, 5.8923, 0.0500, 3.0000
1347.196,86.21, -29.92, 1689.00, 1045.95, 333.53, -0.0045, 0.7160, 3.0404, 86.2106, -29.9165, 1689.0014, 0.0957, 0.1435, 0.0500, 3.0000
1352.964,81.12, -29.85, 1691.78, 1020.36, 334.10, 0.0028, 0.7139, 3.0426, 81.1189, -29.8470, 1691.7793, 1.8505, 0.4831, 0.0500, 3.0000
1358.004,76.14, -29.84, 1697.82, 994.70, 334.63, 0.0126, 0.7091, 3.0455, 76.1429, -29.8431, 1697.8181, -0.0021, 2.3896, 0.0500, 3.0000
1363.543,71.01, -29.77, 1700.06, 969.23, 335.16, 0.0222, 0.7048, 3.0472, 71.0098, -29.7712, 1700.0583, 1.1995, 5.1265, 0.0500, 1.3112
1369.182,65.85, -29.69, 1701.77, 943.80, 335.69, 0.0297, 0.7042, 3.0488, 65.8495, -29.6896, 1701.7684, 4.6684, 11.3755, 0.0500, 3.0000
1375.031,60.74, -29.63, 1705.15, 918.35, 336.26, 0.0389, 0.7000, 3.0514, 60.7355, -29.6308, 1705.1547, 1.5081, 0.9875, 0.0500, 3.0000
1380.787,55.61, -29.59, 1708.50, 892.97, 336.74, 0.0460, 0.7016, 3.0522, 55.6119, -29.5871, 1708.5031, 0.6937, 10.7654, 0.0500, 3.0000
1386.586,50.45, -29.50, 1710.91, 867.60, 337.33, 0.0578, 0.6931, 3.0556, 50.4454, -29.5045, 1710.9152, 0.7884, -0.8568, 0.0500, 3.0000
1392.405,45.27, -29.44, 1713.09, 842.32, 337.82, 0.0637, 0.6966, 3.0561, 45.2731, -29.4384, 1713.0859, 1.6846, 0.7857, 0.0500, 3.0000
1398.334,40.11, -29.37, 1715.77, 817.06, 338.37, 0.0744, 0.6919, 3.0581, 40.1067, -29.3697, 1715.7678, -0.0014, 6.7138, 0.0500, 3.0000
1403.705,34.91, -29.30, 1717.97, 791.81, 338.86, 0.0870, 0.6939, 3.0589, 34.9152, -29.3033, 1717.9718, -0.0042, 6.9847, 0.0500, 3.0000
1409.333,29.72, -29.21, 1719.53, 766.68, 339.44, 0.0946, 0.6895, 3.0610, 29.7218, -29.2076, 1719.5276, -0.0034, 3.7228, 0.0500, 3.0000
1415.164,24.52, -29.14, 1721.62, 741.52, 339.92, 0.1092, 0.6921, 3.0615, 24.5225, -29.1407, 1721.6199, 0.1790, 0.1099, 0.0500, 3.0000
1421.336,19.32, -29.07, 1724.10, 716.41, 340.47, -0.1165, -0.6901, -3.0621, 19.3251, -29.0675, 1724.0950, 0.1136, 0.1323, 0.0500, 3.0000
1427.007,14.10, -28.94, 1723.93, 691.35, 341.04, -0.1310, -0.6865, -3.0606, 14.1023, -28.9430, 1723.9273, -0.0021, 7.5399, 0.0500, 3.0000
1432.420,8.90, -28.84, 1724.58, 666.39, 341.57, -0.1350, -0.6914, -3.0584, 8.9034, -28.8423, 1724.5807, 0.0030, 1.7994, 0.0500, 3.0000
1438.244,3.69, -28.75, 1725.86, 641.35, 342.11, -0.1516, -0.6875, -3.0563, 3.6860, -28.7484, 1725.8605, 0.0727, 0.1618, 0.0061, 3.0000
1444.145,-1.52, -28.67, 1727.97, 616.38, 342.66, -0.1575, -0.6889, -3.0544, -1.5251, -28.6671, 1727.9668, -0.0093, 3.2941, 0.0213, 1.4859
1449.764,-6.72, -28.54, 1727.64, 591.49, 343.22, -0.1682, -0.6892, -3.0525, -6.7222, -28.5430, 1727.6429, 1.3026, 0.7514, 0.0043, 3.0000
1455.434,-11.92, -28.45, 1729.08, 566.63, 343.77, -0.1762, -0.6893, -3.0505, -11.9226, -28.4495, 1729.0791, -0.0019, 6.0938, 0.0073, 3.0000
1461.082,-17.13, -28.34, 1729.98, 541.75, 344.37, -0.1862, -0.6882, -3.0483, -17.1311, -28.3374, 1729.9766, 0.0053, 2.2374, 0.0500, 3.0000
1466.793,-22.30, -28.22, 1729.32, 516.99, 344.87, -0.1951, -0.6924, -3.0459, -22.3013, -28.2205, 1729.3243, -0.0010, 10.0119, 0.0500, 3.0000
1472.494,-27.50, -28.11, 1730.45, 492.23, 345.46, -0.2030, -0.6902, -3.0444, -27.4953, -28.1130, 1730.4456, -0.0024, 6.2441, 0.0500, 3.0000
1483.381,-32.82, -28.11, 1737.06, 467.37, 345.96, 0.2831, 0.7472, -3.0150, -32.8201, -28.1128, 1737.0632, -0.0032, 2.9867, 0.0001, 3.0000
1490.111,-37.82, -27.86, 1729.86, 442.79, 346.59, -0.2197, -0.6937, -3.0390, -37.8221, -27.8617, 1729.8568, 0.0070, 1.9659, 0.0500, 3.0000
1495.531,-42.98, -27.73, 1729.71, 418.10, 347.19, -0.2303, -0.6937, -3.0362, -42.9814, -27.7332, 1729.7112, 1.4407, 4.4528, 0.0500, 3.0000
1501.474,-48.13, -27.63, 1729.96, 393.50, 347.70, -0.2372, -0.6976, -3.0338, -48.1327, -27.6274, 1729.9563, -0.0037, 5.9676, 0.0001, 3.0000
1507.678,-53.29, -27.50, 1730.14, 368.86, 348.29, -0.2483, -0.6958, -3.0314, -53.2909, -27.5049, 1730.1429, 0.3056, 34.5797, 0.0500, 3.0000
1514.925,-58.40, -27.39, 1729.86, 344.37, 348.81, -0.2507, -0.6999, -3.0300, -58.4016, -27.3912, 1729.8633, -0.0084, 5.1815, 0.0500, 3.0000
1753.987,97.29, -54.72, 1716.75, 1092.50, 218.32, 0.0014, 0.7596, 3.0257, 97.2860, -54.7207, 1716.7521, 0.0189, 3.0886, 0.0500, 3.0000
1762.210,92.29, -54.73, 1721.20, 1067.29, 218.97, 0.0077, 0.7558, 3.0276, 92.2931, -54.7265, 1721.1959, -0.0020, 7.0177, 0.0500, 3.0000
1768.018,87.23, -54.69, 1724.25, 1042.19, 219.59, 0.0118, 0.7547, 3.0291, 87.2257, -54.6903, 1724.2525, 2.0344, 0.5818, 0.0500, 3.0000
1773.461,82.19, -54.69, 1728.70, 1017.04, 220.24, 0.0215, 0.7518, 3.0319, 82.1948, -54.6945, 1728.7033, 0.0600, -0.1471, 0.0500, 3.0000
1778.803,77.02, -54.59, 1729.59, 992.07, 220.84, 0.0268, 0.7542, 3.0318, 77.0185, -54.5947, 1729.5932, 0.0043, 8.9563, 0.0037, 3.0000
1784.533,71.98, -54.60, 1734.34, 967.03, 221.49, 0.0324, 0.7478, 3.0346, 71.9801, -54.6054, 1734.3368, 0.0015, 1.9232, 0.0057, 3.0000
1789.807,66.90, -54.60, 1738.69, 942.02, 222.16, 0.0431, 0.7416, 3.0385, 66.9043, -54.6001, 1738.6933, 0.0606, -0.1255, 0.0500, 3.0000
1795.273,61.77, -54.55, 1741.09, 917.17, 222.76, 0.0478, 0.7406, 3.0388, 61.7657, -54.5468, 1741.0893, -0.0042, 3.7469, 0.0500, 3.0000
1800.674,56.61, -54.49, 1743.54, 892.31, 223.39, 0.0586, 0.7376, 3.0409, 56.6135, -54.4876, 1743.5361, -0.0021, 3.7014, 0.0001, 3.0000
1805.771,51.41, -54.38, 1744.58, 867.46, 224.05, 0.0689, 0.7410, 3.0422, 51.4085, -54.3790, 1744.5753, -0.0011, 3.6094, 0.0500, 3.0000
1810.878,46.28, -54.36, 1748.35, 842.67, 224.68, 0.0745, 0.7354, 3.0446, 46.2791, -54.3611, 1748.3527, 0.0052, 1.3455, 0.0500, 3.0000
1815.977,41.10, -54.30, 1750.69, 817.92, 225.28, 0.0865, 0.7346, 3.0456, 41.1043, -54.3047, 1750.6855, 0.0010, 10.4499, 0.0500, 3.0000
1821.185,35.92, -54.24, 1753.13, 793.20, 225.93, 0.0943, 0.7319, 3.0475, 35.9233, -54.2406, 1753.1314, 2.0580, 0.3138, 0.0500, 3.0000
1826.479,30.73, -54.16, 1754.85, 768.53, 226.57, 0.1014, 0.7347, 3.0485, 30.7255, -54.1558, 1754.8445, -0.0006, 3.7587, 0.0003, 3.0000
1831.852,25.53, -54.09, 1756.90, 743.91, 227.17, 0.1124, 0.7329, 3.0499, 25.5329, -54.0888, 1756.9025, -0.0034, 2.8442, 0.0001, 3.0000
1837.143,20.34, -54.00, 1758.59, 719.35, 227.82, 0.1173, 0.7310, 3.0508, 20.3374, -54.0021, 1758.5864, 0.8956, 1.6729, 0.0500, 3.0000
1842.447,15.13, -53.94, 1761.11, 694.75, 228.47, -0.1256, -0.7303, -3.0526, 15.1304, -53.9385, 1761.1126, -0.0008, 7.5502, 0.0500, 3.0000
1848.061,9.92, -53.81, 1761.47, 670.26, 229.10, -0.1365, -0.7271, -3.0521, 9.9176, -53.8126, 1761.4684, 0.0016, 8.2507, 0.0007, 3.0000
1853.346,4.71, -53.69, 1761.97, 645.80, 229.72, -0.1459, -0.7289, -3.0502, 4.7123, -53.6945, 1761.9725, 0.2039, 0.1076, 0.0500, 3.0000
1858.918,-0.50, -53.61, 1763.69, 621.34, 230.36, -0.1519, -0.7311, -3.0470, -0.4984, -53.6063, 1763.6945, 1.5461, 0.4436, 0.0500, 3.0000
1864.592,-5.75, -53.71, 1771.40, 596.81, 230.95, 0.1857, 0.8279, -3.0192, -5.7525, -53.7128, 1771.4026, 0.0026, 2.0853, 0.0083, 3.0000
1870.453,-10.90, -53.35, 1764.59, 572.58, 231.65, -0.1700, -0.7292, -3.0439, -10.8995, -53.3553, 1764.5901, 0.0017, 2.8927, 0.0001, 3.0000
1875.894,-16.11, -53.27, 1766.21, 548.24, 232.28, -0.1744, -0.7293, -3.0421, -16.1047, -53.2676, 1766.2136, 0.0857, -0.1284, 0.0500, 3.0000
1882.170,-21.42, -53.39, 1774.59, 523.80, 232.88, 0.2331, 0.8249, -3.0089, -21.4245, -53.3894, 1774.5873, -0.0009, 2.1637, 0.0500, 3.0000
1888.221,-26.50, -53.03, 1767.43, 499.66, 233.55, -0.1918, -0.7288, -3.0389, -26.4957, -53.0272, 1767.4343, 0.0002, 5.8058, 0.0500, 3.0000
1896.176,-31.69, -52.91, 1768.27, 475.39, 234.21, -0.1997, -0.7284, -3.0364, -31.6941, -52.9092, 1768.2650, -0.0021, 20.1767, 0.0500, 3.0000
1901.500,-36.85, -52.76, 1767.72, 451.21, 234.81, -0.2081, -0.7309, -3.0345, -36.8510, -52.7624, 1767.7178, 1.9750, 4.3681, 0.0500, 3.0000
1906.827,-42.03, -52.64, 1768.34, 427.02, 235.46, -0.2145, -0.7333, -3.0311, -42.0353, -52.6401, 1768.3379, 1.6748, 4.8894, 0.0500, 1.1831
1912.139,-47.44, -52.75, 1776.60, 402.76, 236.09, 0.3140, 0.8227, -2.9877, -47.4404, -52.7487, 1776.6008, 0.8839, 1.9087, 0.0500, 3.0000
1917.466,-52.60, -52.60, 1775.96, 378.66, 236.68, 0.3314, 0.8261, -2.9826, -52.5974, -52.6003, 1775.9628, -0.0050, 6.0355, 0.0081, 3.0000
1922.969,-57.45, -52.20, 1767.25, 354.72, 237.34, -0.2365, -0.7376, -3.0244, -57.4527, -52.1987, 1767.2475, 1.5146, 1.5710, 0.0500, 3.0000
2089.634,97.23, -78.43, 1752.69, 1082.63, 113.61, 0.0139, 0.7881, 3.0168, 97.2324, -78.4268, 1752.6870, 0.0001, 5.2863, 0.0500, 3.0000
2095.291,92.17, -78.41, 1755.71, 1057.97, 114.32, 0.0209, 0.7877, 3.0182, 92.1648, -78.4084, 1755.7073, 0.0154, 4.3638, 0.0500, 3.0000
2100.315,87.08, -78.40, 1758.79, 1033.31, 115.01, 0.0289, 0.7844, 3.0202, 87.0846, -78.3972, 1758.7859, 0.0658, -0.1511, 0.0500, 3.0000
2105.801,82.02, -78.39, 1762.33, 1008.70, 115.76, 0.0368, 0.7809, 3.0228, 82.0186, -78.3926, 1762.3308, -0.0031, 3.7082, 0.0500, 3.0000
2111.052,76.91, -78.36, 1765.05, 984.15, 116.49, 0.0412, 0.7794, 3.0244, 76.9063, -78.3557, 1765.0459, -0.0048, 5.8731, 0.0005, 3.0000
2116.855,71.78, -78.32, 1767.62, 959.65, 117.18, 0.0483, 0.7810, 3.0252, 71.7830, -78.3188, 1767.6184, 1.8530, 4.0191, 0.0500, 3.0000
2123.017,66.68, -78.31, 1771.03, 935.16, 117.93, 0.0560, 0.7745, 3.0280, 66.6795, -78.3082, 1771.0274, 0.0036, 11.5668, 0.0083, 3.0000
2128.847,61.56, -78.29, 1774.32, 910.71, 118.67, 0.0646, 0.7687, 3.0307, 61.5591, -78.2913, 1774.3165, -0.0013, 3.9923, 0.0001, 3.0000
2134.682,56.42, -78.27, 1777.16, 886.34, 119.33, 0.0686, 0.7726, 3.0305, 56.4240, -78.2724, 1777.1576, -0.0008, 3.6624, 0.0500, 3.0000
2140.437,51.28, -78.26, 1780.38, 861.96, 120.05, 0.0772, 0.7704, 3.0329, 51.2795, -78.2561, 1780.3854, -0.0038, 9.3023, 0.0500, 3.0000
2146.085,46.10, -78.17, 1782.24, 837.69, 120.82, 0.0827, 0.7651, 3.0350, 46.1050, -78.1690, 1782.2417, -0.0050, 5.3841, 0.0500, 3.0000
2151.925,40.89, -78.04, 1782.52, 813.45, 121.48, 0.0918, 0.7704, 3.0353, 40.8897, -78.0364, 1782.5187, 0.9263, 2.2234, 0.0500, 3.0000
2157.601,35.72, -78.01, 1785.25, 789.18, 122.17, 0.0990, 0.7697, 3.0367, 35.7146, -78.0057, 1785.2478, -0.0108, 4.8961, 0.0500, 3.0000
2163.823,30.54, -77.99, 1788.54, 764.96, 122.89, 0.1072, 0.7678, 3.0384, 30.5443, -77.9920, 1788.5403, -0.0025, 2.3700, 0.0001, 3.0000
2169.479,25.35, -77.94, 1790.73, 740.81, 123.58, 0.1149, 0.7675, 3.0396, 25.3528, -77.9351, 1790.7327, -0.0004, 2.7686, 0.0039, 3.0000
2175.151,20.15, -77.83, 1792.09, 716.71, 124.30, 0.1177, 0.7678, 3.0407, 20.1537, -77.8340, 1792.0893, 0.0631, 0.7331, 0.0500, 3.0000
2181.102,14.95, -77.80, 1794.81, 692.61, 125.00, 0.1276, 0.7670, 3.0420, 14.9541, -77.7990, 1794.8063, -0.0051, 3.2040, 0.0001, 3.0000
2186.970,9.75, -77.70, 1796.08, 668.58, 125.71, 0.1354, 0.7655, 3.0433, 9.7488, -77.6980, 1796.0773, 0.0018, 2.3965, 0.0001, 3.0000
2192.615,4.54, -77.60, 1797.55, 644.56, 126.42, -0.1400, -0.7655, -3.0425, 4.5377, -77.6031, 1797.5494, -0.0046, 4.0775, 0.0500, 3.0000
2198.235,-0.67, -77.46, 1797.73, 620.58, 127.10, -0.1516, -0.7666, -3.0399, -0.6725, -77.4610, 1797.7312, 1.2456, 5.5767, 0.0500, 3.0000
2203.724,-5.87, -77.32, 1798.01, 596.65, 127.79, -0.1596, -0.7671, -3.0383, -5.8737, -77.3210, 1798.0108, -0.0029, 9.5967, 0.0500, 3.0000
2209.195,-11.08, -77.25, 1800.15, 572.75, 128.52, -0.1650, -0.7636, -3.0378, -11.0817, -77.2510, 1800.1522, 0.0022, 4.1156, 0.0500, 3.0000
2214.712,-16.37, -77.44, 1808.07, 548.75, 129.18, 0.2108, 0.8995, -2.9944, -16.3742, -77.4442, 1808.0729, 1.8007, 0.4792, 0.0500, 3.0000
2220.580,-21.49, -77.02, 1802.18, 525.02, 129.97, -0.1763, -0.7610, -3.0347, -21.4910, -77.0164, 1802.1790, 1.8180, 5.2543, 0.0500, 3.0000
2226.262,-26.68, -76.86, 1801.98, 501.20, 130.64, -0.1865, -0.7629, -3.0324, -26.6764, -76.8607, 1801.9785, -0.0024, 4.6405, 0.0001, 3.0000
2231.768,-31.89, -76.77, 1803.52, 477.41, 131.36, -0.1912, -0.7632, -3.0298, -31.8867, -76.7654, 1803.5237, 0.9297, 1.6725, 0.0005, 3.0000
2237.044,-37.09, -76.65, 1804.49, 453.62, 132.06, -0.2028, -0.7593, -3.0284, -37.0922, -76.6514, 1804.4918, -0.0120, 4.1549, 0.0500, 3.0000
2242.951,-42.44, -76.79, 1811.21, 429.84, 132.73, 0.2912, 0.8902, -2.9769, -42.4360, -76.7875, 1811.2071, -0.0017, 5.0338, 0.0500, 3.0000
2248.093,-47.37, -76.28, 1803.01, 406.30, 133.48, -0.2106, -0.7632, -3.0245, -47.3738, -76.2756, 1803.0079, 1.0857, 1.8145, 0.0500, 3.0000
2253.393,-52.56, -76.17, 1803.90, 382.61, 134.14, -0.2192, -0.7646, -3.0221, -52.5643, -76.1656, 1803.9003, 0.8837, -0.9541, 0.0500, 3.0000
2258.746,-57.76, -76.06, 1804.98, 358.94, 134.84, -0.2266, -0.7640, -3.0203, -57.7580, -76.0568, 1804.9758, 0.4552, -0.4827, 0.0500, 3.0000
