Time-Stame,X-position,Y-position,Z-position,X-pixel,Y-pixel,Rotation-vector, Translation-vector,mua,mus,muaLUT,musLUT
0.000000,100.545092,43.069501,423.989475,0.000000,0.000000,0.003995,0.599197,3.070030,100.545092,43.069501,423.989475,0.000000,0.000000,0.000000,0.000000,
0.000000,95.523319,43.098585,423.589222,0.000000,0.000000,0.007691,0.600603,3.069986,95.523319,43.098585,423.589222,0.000000,0.000000,0.000000,0.000000,
0.000000,90.618932,43.183902,423.732089,0.000000,0.000000,0.011861,0.595395,3.071147,90.618932,43.183902,423.732089,0.000000,0.000000,0.000000,0.000000,
0.000000,85.670478,43.238838,423.682535,0.000000,0.000000,0.014776,0.598164,3.071156,85.670478,43.238838,423.682535,0.000000,0.000000,0.000000,0.000000,
0.000000,80.646248,43.267128,423.238370,0.000000,0.000000,0.013281,0.594892,3.072292,80.646248,43.267128,423.238370,0.000000,0.000000,0.000000,0.000000,
0.000000,75.664398,43.307356,422.992011,0.000000,0.000000,0.016102,0.600289,3.071887,75.664398,43.307356,422.992011,0.000000,0.000000,0.000000,0.000000,
0.000000,70.771970,43.400475,423.333826,0.000000,0.000000,0.019753,0.593978,3.073197,70.771970,43.400475,423.333826,0.000000,0.000000,0.000000,0.000000,
0.000000,65.788363,43.435327,423.088338,0.000000,0.000000,0.024612,0.597278,3.072815,65.788363,43.435327,423.088338,0.000000,0.000000,0.000000,0.000000,
0.000000,60.798966,43.468615,422.798029,0.000000,0.000000,0.024003,0.602476,3.072882,60.798966,43.468615,422.798029,0.000000,0.000000,0.000000,0.000000,
0.000000,55.843644,43.529858,422.783070,0.000000,0.000000,0.025942,0.595200,3.074410,55.843644,43.529858,422.783070,0.000000,0.000000,0.000000,0.000000,
0.000000,50.896009,43.589980,422.857094,0.000000,0.000000,0.031205,0.597969,3.074178,50.896009,43.589980,422.857094,0.000000,0.000000,0.000000,0.000000,
0.000000,45.922610,43.621115,422.647148,0.000000,0.000000,0.035728,0.600274,3.074381,45.922610,43.621115,422.647148,0.000000,0.000000,0.000000,0.000000,
0.000000,40.959377,43.674774,422.587646,0.000000,0.000000,0.035091,0.593482,3.075910,40.959377,43.674774,422.587646,0.000000,0.000000,0.000000,0.000000,
0.000000,36.007415,43.746345,422.697170,0.000000,0.000000,0.036867,0.595559,3.076514,36.007415,43.746345,422.697170,0.000000,0.000000,0.000000,0.000000,
0.000000,31.022500,43.743147,422.300372,0.000000,0.000000,0.039189,0.600806,3.075521,31.022500,43.743147,422.300372,0.000000,0.000000,0.000000,0.000000,
0.000000,26.058363,43.789616,422.189001,0.000000,0.000000,0.043761,0.594977,3.077016,26.058363,43.789616,422.189001,0.000000,0.000000,0.000000,0.000000,
0.000000,21.103302,43.843469,422.268886,0.000000,0.000000,0.044801,0.596352,3.077349,21.103302,43.843469,422.268886,0.000000,0.000000,0.000000,0.000000,
0.000000,11.181390,43.905919,421.941454,0.000000,0.000000,0.049771,0.595710,3.078456,11.181390,43.905919,421.941454,0.000000,0.000000,0.000000,0.000000,
0.000000,6.218253,43.949889,421.974427,0.000000,0.000000,0.054544,0.594916,3.078826,6.218253,43.949889,421.974427,0.000000,0.000000,0.000000,0.000000,
0.000000,1.260347,43.987933,421.923810,0.000000,0.000000,0.055131,0.595723,3.079249,1.260347,43.987933,421.923810,0.000000,0.000000,0.000000,0.000000,
0.000000,-3.692421,44.004294,421.667667,0.000000,0.000000,0.057842,0.598012,3.079437,-3.692421,44.004294,421.667667,0.000000,0.000000,0.000000,0.000000,
0.000000,-8.643453,44.021212,421.476803,0.000000,0.000000,-0.061987,-0.602765,-3.086564,-8.643453,44.021212,421.476803,0.000000,0.000000,0.000000,0.000000,
0.000000,-13.589734,44.044831,421.294472,0.000000,0.000000,-0.063451,-0.599715,-3.086830,-13.589734,44.044831,421.294472,0.000000,0.000000,0.000000,0.000000,
0.000000,-18.540048,44.072685,421.273213,0.000000,0.000000,-0.066705,-0.602253,-3.085970,-18.540048,44.072685,421.273213,0.000000,0.000000,0.000000,0.000000,
0.000000,-28.409063,44.099449,420.827052,0.000000,0.000000,-0.069018,-0.607677,-3.083536,-28.409063,44.099449,420.827052,0.000000,0.000000,0.000000,0.000000,
0.000000,-33.357538,44.137673,420.877608,0.000000,0.000000,-0.069840,-0.603870,-3.084139,-33.357538,44.137673,420.877608,0.000000,0.000000,0.000000,0.000000,
0.000000,-38.280383,44.142428,420.644337,0.000000,0.000000,-0.074293,-0.607554,-3.082818,-38.280383,44.142428,420.644337,0.000000,0.000000,0.000000,0.000000,
0.000000,-43.231088,44.191063,420.701384,0.000000,0.000000,-0.073061,-0.606355,-3.082331,-43.231088,44.191063,420.701384,0.000000,0.000000,0.000000,0.000000,
0.000000,-48.149485,44.193741,420.527230,0.000000,0.000000,-0.075710,-0.608178,-3.081531,-48.149485,44.193741,420.527230,0.000000,0.000000,0.000000,0.000000,
0.000000,90.118266,19.377073,435.709265,0.000000,0.000000,0.013354,0.625614,3.067187,90.118266,19.377073,435.709265,0.000000,0.000000,0.000000,0.000000,
0.000000,65.289080,19.612841,435.120585,0.000000,0.000000,0.025685,0.624568,3.069815,65.289080,19.612841,435.120585,0.000000,0.000000,0.000000,0.000000,
0.000000,35.481503,19.837574,434.368068,0.000000,0.000000,0.040736,0.629750,3.071266,35.481503,19.837574,434.368068,0.000000,0.000000,0.000000,0.000000,
0.000000,30.522083,19.887726,434.349517,0.000000,0.000000,0.040245,0.625623,3.072738,30.522083,19.887726,434.349517,0.000000,0.000000,0.000000,0.000000,
0.000000,25.557644,19.917249,434.238470,0.000000,0.000000,0.043038,0.627571,3.072761,25.557644,19.917249,434.238470,0.000000,0.000000,0.000000,0.000000,
0.000000,20.591161,19.945414,434.142802,0.000000,0.000000,0.048758,0.628567,3.072905,20.591161,19.945414,434.142802,0.000000,0.000000,0.000000,0.000000,
0.000000,15.628910,19.976125,433.946832,0.000000,0.000000,0.049144,0.629514,3.073223,15.628910,19.976125,433.946832,0.000000,0.000000,0.000000,0.000000,
0.000000,10.673853,20.020499,433.961204,0.000000,0.000000,0.043683,0.629836,3.073842,10.673853,20.020499,433.961204,0.000000,0.000000,0.000000,0.000000,
0.000000,5.711459,20.051396,433.831712,0.000000,0.000000,0.050609,0.626800,3.075060,5.711459,20.051396,433.831712,0.000000,0.000000,0.000000,0.000000,
0.000000,0.752619,20.080349,433.871164,0.000000,0.000000,0.052359,0.628588,3.074974,0.752619,20.080349,433.871164,0.000000,0.000000,0.000000,0.000000,
0.000000,-4.198019,20.095320,433.554821,0.000000,0.000000,-0.055545,-0.633304,-3.079196,-4.198019,20.095320,433.554821,0.000000,0.000000,0.000000,0.000000,
0.000000,-9.155297,20.137022,433.625477,0.000000,0.000000,-0.056822,-0.629715,-3.078989,-9.155297,20.137022,433.625477,0.000000,0.000000,0.000000,0.000000,
0.000000,-14.099027,20.147107,433.298049,0.000000,0.000000,-0.059041,-0.634412,-3.077582,-14.099027,20.147107,433.298049,0.000000,0.000000,0.000000,0.000000,
0.000000,-19.046054,20.176940,433.180310,0.000000,0.000000,-0.063073,-0.630565,-3.077491,-19.046054,20.176940,433.180310,0.000000,0.000000,0.000000,0.000000,
0.000000,-23.994594,20.202403,433.171695,0.000000,0.000000,-0.064758,-0.630715,-3.077031,-23.994594,20.202403,433.171695,0.000000,0.000000,0.000000,0.000000,
0.000000,-28.937614,20.221137,433.039326,0.000000,0.000000,-0.067073,-0.634586,-3.075699,-28.937614,20.221137,433.039326,0.000000,0.000000,0.000000,0.000000,
0.000000,-33.875542,20.237732,432.939249,0.000000,0.000000,-0.068598,-0.634861,-3.075830,-33.875542,20.237732,432.939249,0.000000,0.000000,0.000000,0.000000,
0.000000,-38.822960,20.270634,432.935788,0.000000,0.000000,-0.069077,-0.631938,-3.075609,-38.822960,20.270634,432.935788,0.000000,0.000000,0.000000,0.000000,
0.000000,-43.748217,20.288869,432.767719,0.000000,0.000000,-0.071861,-0.635042,-3.074078,-43.748217,20.288869,432.767719,0.000000,0.000000,0.000000,0.000000,
0.000000,-48.691865,20.308587,432.781764,0.000000,0.000000,-0.071751,-0.635704,-3.073772,-48.691865,20.308587,432.781764,0.000000,0.000000,0.000000,0.000000,
0.000000,61.315027,-3.622659,446.716902,0.000000,0.000000,0.028636,0.635896,3.066343,61.315027,-3.622659,446.716902,0.000000,0.000000,0.000000,0.000000,
0.000000,56.343148,-3.573481,446.555772,0.000000,0.000000,0.032542,0.634808,3.066543,56.343148,-3.573481,446.555772,0.000000,0.000000,0.000000,0.000000,
0.000000,51.370904,-3.512423,446.377564,0.000000,0.000000,0.031881,0.631438,3.067501,51.370904,-3.512423,446.377564,0.000000,0.000000,0.000000,0.000000,
0.000000,46.423747,-3.466209,446.505692,0.000000,0.000000,0.033819,0.636638,3.067327,46.423747,-3.466209,446.505692,0.000000,0.000000,0.000000,0.000000,
0.000000,41.439565,-3.417455,446.229500,0.000000,0.000000,0.037499,0.636472,3.067767,41.439565,-3.417455,446.229500,0.000000,0.000000,0.000000,0.000000,
0.000000,21.574779,-3.221475,445.650279,0.000000,0.000000,0.045981,0.638117,3.069170,21.574779,-3.221475,445.650279,0.000000,0.000000,0.000000,0.000000,
0.000000,16.625668,-3.167759,445.684030,0.000000,0.000000,0.042767,0.635534,3.070076,16.625668,-3.167759,445.684030,0.000000,0.000000,0.000000,0.000000,
0.000000,11.667811,-3.126576,445.596564,0.000000,0.000000,0.043522,0.637453,3.069801,11.667811,-3.126576,445.596564,0.000000,0.000000,0.000000,0.000000,
0.000000,6.703573,-3.086548,445.345631,0.000000,0.000000,0.050231,0.640327,3.069959,6.703573,-3.086548,445.345631,0.000000,0.000000,0.000000,0.000000,
0.000000,1.741720,-3.032640,445.287187,0.000000,0.000000,0.051254,0.635970,3.071499,1.741720,-3.032640,445.287187,0.000000,0.000000,0.000000,0.000000,
0.000000,-3.208922,-2.992211,445.309046,0.000000,0.000000,0.049413,0.635635,3.071406,-3.208922,-2.992211,445.309046,0.000000,0.000000,0.000000,0.000000,
0.000000,-8.162705,-2.952394,445.074284,0.000000,0.000000,0.054663,0.640127,3.071440,-8.162705,-2.952394,445.074284,0.000000,0.000000,0.000000,0.000000,
0.000000,-13.116591,-2.913629,445.004108,0.000000,0.000000,-0.057726,-0.641796,-3.078003,-13.116591,-2.913629,445.004108,0.000000,0.000000,0.000000,0.000000,
0.000000,-18.048134,-2.868223,444.671547,0.000000,0.000000,-0.059822,-0.640551,-3.077936,-18.048134,-2.868223,444.671547,0.000000,0.000000,0.000000,0.000000,
0.000000,-23.015642,-2.827451,444.964765,0.000000,0.000000,-0.059527,-0.638411,-3.077724,-23.015642,-2.827451,444.964765,0.000000,0.000000,0.000000,0.000000,
0.000000,-27.944580,-2.794171,444.640430,0.000000,0.000000,-0.062089,-0.644177,-3.076136,-27.944580,-2.794171,444.640430,0.000000,0.000000,0.000000,0.000000,
0.000000,-32.889772,-2.757564,444.601075,0.000000,0.000000,-0.061039,-0.643841,-3.075896,-32.889772,-2.757564,444.601075,0.000000,0.000000,0.000000,0.000000,
0.000000,-37.805921,-2.714897,444.294213,0.000000,0.000000,-0.064650,-0.641993,-3.075976,-37.805921,-2.714897,444.294213,0.000000,0.000000,0.000000,0.000000,
0.000000,-42.760537,-2.679721,444.364031,0.000000,0.000000,-0.068110,-0.639989,-3.075669,-42.760537,-2.679721,444.364031,0.000000,0.000000,0.000000,0.000000,
0.000000,-47.706732,-2.647072,444.386236,0.000000,0.000000,-0.067983,-0.641937,-3.074813,-47.706732,-2.647072,444.386236,0.000000,0.000000,0.000000,0.000000,
0.000000,100.632090,-26.932471,459.600775,0.000000,0.000000,0.013442,0.639893,3.065044,100.632090,-26.932471,459.600775,0.000000,0.000000,0.000000,0.000000,
0.000000,95.671465,-26.892666,459.505781,0.000000,0.000000,0.019140,0.642129,3.065404,95.671465,-26.892666,459.505781,0.000000,0.000000,0.000000,0.000000,
0.000000,90.737097,-26.858855,459.575009,0.000000,0.000000,0.021292,0.643323,3.065587,90.737097,-26.858855,459.575009,0.000000,0.000000,0.000000,0.000000,
0.000000,85.752855,-26.804246,459.379066,0.000000,0.000000,0.021641,0.639888,3.066423,85.752855,-26.804246,459.379066,0.000000,0.000000,0.000000,0.000000,
0.000000,65.802510,-26.591042,458.426161,0.000000,0.000000,0.027706,0.641228,3.067586,65.802510,-26.591042,458.426161,0.000000,0.000000,0.000000,0.000000,
0.000000,60.842847,-26.550847,458.370964,0.000000,0.000000,0.028278,0.639959,3.068149,60.842847,-26.550847,458.370964,0.000000,0.000000,0.000000,0.000000,
0.000000,45.918273,-26.416734,457.754795,0.000000,0.000000,0.037002,0.647415,3.068164,45.918273,-26.416734,457.754795,0.000000,0.000000,0.000000,0.000000,
0.000000,35.993631,-26.329551,457.635059,0.000000,0.000000,0.038188,0.642624,3.069976,35.993631,-26.329551,457.635059,0.000000,0.000000,0.000000,0.000000,
0.000000,31.012940,-26.281037,457.256562,0.000000,0.000000,0.039146,0.645763,3.069464,31.012940,-26.281037,457.256562,0.000000,0.000000,0.000000,0.000000,
0.000000,26.068195,-26.264191,457.513643,0.000000,0.000000,0.040754,0.644651,3.070423,26.068195,-26.264191,457.513643,0.000000,0.000000,0.000000,0.000000,
0.000000,21.099114,-26.216252,457.226783,0.000000,0.000000,0.043635,0.647219,3.070217,21.099114,-26.216252,457.226783,0.000000,0.000000,0.000000,0.000000,
0.000000,16.142108,-26.183249,457.255913,0.000000,0.000000,0.048009,0.644950,3.071459,16.142108,-26.183249,457.255913,0.000000,0.000000,0.000000,0.000000,
0.000000,11.179355,-26.143678,457.069345,0.000000,0.000000,0.049646,0.645505,3.071645,11.179355,-26.143678,457.069345,0.000000,0.000000,0.000000,0.000000,
0.000000,6.225166,-26.109300,456.981725,0.000000,0.000000,0.047860,0.644826,3.071719,6.225166,-26.109300,456.981725,0.000000,0.000000,0.000000,0.000000,
0.000000,1.270627,-26.068589,456.803978,0.000000,0.000000,0.050095,0.646494,3.072137,1.270627,-26.068589,456.803978,0.000000,0.000000,0.000000,0.000000,
0.000000,-3.683736,-26.041167,456.759018,0.000000,0.000000,0.051118,0.647356,3.072344,-3.683736,-26.041167,456.759018,0.000000,0.000000,0.000000,0.000000,
0.000000,-8.634205,-26.003661,456.595934,0.000000,0.000000,-0.054514,-0.650410,-3.073943,-8.634205,-26.003661,456.595934,0.000000,0.000000,0.000000,0.000000,
0.000000,-13.599277,-25.977971,456.748168,0.000000,0.000000,-0.058392,-0.645909,-3.074034,-13.599277,-25.977971,456.748168,0.000000,0.000000,0.000000,0.000000,
0.000000,-18.527955,-25.928698,456.373001,0.000000,0.000000,-0.056861,-0.647512,-3.073561,-18.527955,-25.928698,456.373001,0.000000,0.000000,0.000000,0.000000,
0.000000,-23.479428,-25.907581,456.412939,0.000000,0.000000,-0.058779,-0.646094,-3.073539,-23.479428,-25.907581,456.412939,0.000000,0.000000,0.000000,0.000000,
0.000000,-28.423027,-25.878609,456.334694,0.000000,0.000000,-0.060211,-0.646665,-3.072777,-28.423027,-25.878609,456.334694,0.000000,0.000000,0.000000,0.000000,
0.000000,-33.375114,-25.854887,456.352880,0.000000,0.000000,-0.060916,-0.647617,-3.071930,-33.375114,-25.854887,456.352880,0.000000,0.000000,0.000000,0.000000,
0.000000,-38.321740,-25.832552,456.391938,0.000000,0.000000,-0.062790,-0.647483,-3.071733,-38.321740,-25.832552,456.391938,0.000000,0.000000,0.000000,0.000000,
0.000000,-43.238623,-25.787122,456.062045,0.000000,0.000000,-0.063294,-0.649905,-3.070633,-43.238623,-25.787122,456.062045,0.000000,0.000000,0.000000,0.000000,
0.000000,-48.191926,-25.773903,456.209863,0.000000,0.000000,-0.065152,-0.646110,-3.071649,-48.191926,-25.773903,456.209863,0.000000,0.000000,0.000000,0.000000,
0.000000,100.417808,-50.140015,471.447957,0.000000,0.000000,0.016970,0.647575,3.062211,100.417808,-50.140015,471.447957,0.000000,0.000000,0.000000,0.000000,
0.000000,95.386881,-50.043962,470.976515,0.000000,0.000000,0.014559,0.649390,3.062002,95.386881,-50.043962,470.976515,0.000000,0.000000,0.000000,0.000000,
0.000000,90.497652,-50.035239,471.308742,0.000000,0.000000,0.017732,0.647444,3.063400,90.497652,-50.035239,471.308742,0.000000,0.000000,0.000000,0.000000,
0.000000,85.455513,-49.939111,470.697474,0.000000,0.000000,0.018098,0.648422,3.062813,85.455513,-49.939111,470.697474,0.000000,0.000000,0.000000,0.000000,
0.000000,80.469405,-49.869333,470.468422,0.000000,0.000000,0.021301,0.648795,3.063743,80.469405,-49.869333,470.468422,0.000000,0.000000,0.000000,0.000000,
0.000000,75.522092,-49.833322,470.464964,0.000000,0.000000,0.023021,0.648845,3.063771,75.522092,-49.833322,470.464964,0.000000,0.000000,0.000000,0.000000,
0.000000,70.585454,-49.798304,470.551669,0.000000,0.000000,0.024887,0.647237,3.064735,70.585454,-49.798304,470.551669,0.000000,0.000000,0.000000,0.000000,
0.000000,65.576676,-49.717334,470.137715,0.000000,0.000000,0.027811,0.649300,3.065156,65.576676,-49.717334,470.137715,0.000000,0.000000,0.000000,0.000000,
0.000000,60.630638,-49.679652,470.168334,0.000000,0.000000,0.030075,0.646120,3.065853,60.630638,-49.679652,470.168334,0.000000,0.000000,0.000000,0.000000,
0.000000,55.654102,-49.613361,469.974588,0.000000,0.000000,0.029094,0.647206,3.065968,55.654102,-49.613361,469.974588,0.000000,0.000000,0.000000,0.000000,
0.000000,50.677834,-49.561546,469.789436,0.000000,0.000000,0.034856,0.649733,3.066566,50.677834,-49.561546,469.789436,0.000000,0.000000,0.000000,0.000000,
0.000000,45.728098,-49.529559,469.858206,0.000000,0.000000,0.033583,0.647470,3.066889,45.728098,-49.529559,469.858206,0.000000,0.000000,0.000000,0.000000,
0.000000,40.724124,-49.427999,469.213042,0.000000,0.000000,0.034671,0.651695,3.066269,40.724124,-49.427999,469.213042,0.000000,0.000000,0.000000,0.000000,
0.000000,35.765501,-49.381807,469.219192,0.000000,0.000000,0.039314,0.646720,3.068274,35.765501,-49.381807,469.219192,0.000000,0.000000,0.000000,0.000000,
0.000000,30.795764,-49.318307,468.936049,0.000000,0.000000,0.039061,0.651877,3.067255,30.795764,-49.318307,468.936049,0.000000,0.000000,0.000000,0.000000,
0.000000,25.843584,-49.283161,468.941950,0.000000,0.000000,0.040144,0.652139,3.067533,25.843584,-49.283161,468.941950,0.000000,0.000000,0.000000,0.000000,
0.000000,20.887372,-49.267532,469.130590,0.000000,0.000000,0.043079,0.650906,3.068587,20.887372,-49.267532,469.130590,0.000000,0.000000,0.000000,0.000000,
0.000000,15.920033,-49.189658,468.754692,0.000000,0.000000,0.046284,0.650855,3.068965,15.920033,-49.189658,468.754692,0.000000,0.000000,0.000000,0.000000,
0.000000,10.966476,-49.160079,468.879889,0.000000,0.000000,0.044654,0.648544,3.069890,10.966476,-49.160079,468.879889,0.000000,0.000000,0.000000,0.000000,
0.000000,6.009626,-49.100375,468.591685,0.000000,0.000000,0.047095,0.651484,3.069374,6.009626,-49.100375,468.591685,0.000000,0.000000,0.000000,0.000000,
0.000000,1.046686,-49.096143,468.883772,0.000000,0.000000,0.050311,0.649766,3.070265,1.046686,-49.096143,468.883772,0.000000,0.000000,0.000000,0.000000,
0.000000,-3.898523,-49.015634,468.403168,0.000000,0.000000,0.050164,0.652893,3.069669,-3.898523,-49.015634,468.403168,0.000000,0.000000,0.000000,0.000000,
0.000000,-8.865053,-49.021177,468.783752,0.000000,0.000000,0.051395,0.649938,3.070578,-8.865053,-49.021177,468.783752,0.000000,0.000000,0.000000,0.000000,
0.000000,-13.798946,-48.922136,468.210549,0.000000,0.000000,0.052119,0.651628,3.070730,-13.798946,-48.922136,468.210549,0.000000,0.000000,0.000000,0.000000,
0.000000,-18.744038,-48.868861,467.989650,0.000000,0.000000,-0.056016,-0.655179,-3.073251,-18.744038,-48.868861,467.989650,0.000000,0.000000,0.000000,0.000000,
0.000000,-23.692175,-48.835786,467.976085,0.000000,0.000000,-0.056494,-0.656508,-3.072862,-23.692175,-48.835786,467.976085,0.000000,0.000000,0.000000,0.000000,
0.000000,-28.628716,-48.794701,467.867943,0.000000,0.000000,-0.058392,-0.657127,-3.072305,-28.628716,-48.794701,467.867943,0.000000,0.000000,0.000000,0.000000,
0.000000,-33.619475,-48.808414,468.346615,0.000000,0.000000,-0.058454,-0.653418,-3.072668,-33.619475,-48.808414,468.346615,0.000000,0.000000,0.000000,0.000000,
0.000000,-38.541380,-48.729988,467.971340,0.000000,0.000000,-0.062947,-0.650485,-3.072065,-38.541380,-48.729988,467.971340,0.000000,0.000000,0.000000,0.000000,
0.000000,-43.498044,-48.716124,468.134974,0.000000,0.000000,-0.061554,-0.651151,-3.072042,-43.498044,-48.716124,468.134974,0.000000,0.000000,0.000000,0.000000,
0.000000,-48.400627,-48.650138,467.754020,0.000000,0.000000,-0.063267,-0.655613,-3.071299,-48.400627,-48.650138,467.754020,0.000000,0.000000,0.000000,0.000000,
0.000000,100.531480,-73.229141,483.084653,0.000000,0.000000,0.014369,0.656572,3.061734,100.531480,-73.229141,483.084653,0.000000,0.000000,0.000000,0.000000,
0.000000,95.584890,-73.200578,483.042260,0.000000,0.000000,0.016938,0.658568,3.061252,95.584890,-73.200578,483.042260,0.000000,0.000000,0.000000,0.000000,
0.000000,90.653705,-73.180863,483.141409,0.000000,0.000000,0.020616,0.655031,3.062431,90.653705,-73.180863,483.141409,0.000000,0.000000,0.000000,0.000000,
0.000000,85.667484,-73.110770,482.928191,0.000000,0.000000,0.020552,0.654208,3.063090,85.667484,-73.110770,482.928191,0.000000,0.000000,0.000000,0.000000,
0.000000,80.674016,-73.030817,482.654686,0.000000,0.000000,0.021541,0.653386,3.064037,80.674016,-73.030817,482.654686,0.000000,0.000000,0.000000,0.000000,
0.000000,75.631408,-72.898564,481.998538,0.000000,0.000000,0.020400,0.656417,3.063592,75.631408,-72.898564,481.998538,0.000000,0.000000,0.000000,0.000000,
0.000000,70.670734,-72.851779,481.889248,0.000000,0.000000,0.021976,0.657079,3.063807,70.670734,-72.851779,481.889248,0.000000,0.000000,0.000000,0.000000,
0.000000,65.755673,-72.870928,482.175154,0.000000,0.000000,0.026676,0.656575,3.063904,65.755673,-72.870928,482.175154,0.000000,0.000000,0.000000,0.000000,
0.000000,60.780480,-72.805720,481.998742,0.000000,0.000000,0.026837,0.654917,3.064797,60.780480,-72.805720,481.998742,0.000000,0.000000,0.000000,0.000000,
0.000000,55.791123,-72.725571,481.681303,0.000000,0.000000,0.031379,0.656917,3.065444,55.791123,-72.725571,481.681303,0.000000,0.000000,0.000000,0.000000,
0.000000,50.839847,-72.707684,481.747155,0.000000,0.000000,0.033971,0.655095,3.066232,50.839847,-72.707684,481.747155,0.000000,0.000000,0.000000,0.000000,
0.000000,45.882437,-72.670624,481.750182,0.000000,0.000000,0.032240,0.654777,3.066444,45.882437,-72.670624,481.750182,0.000000,0.000000,0.000000,0.000000,
0.000000,40.897675,-72.579113,481.340132,0.000000,0.000000,0.033491,0.658412,3.066119,40.897675,-72.579113,481.340132,0.000000,0.000000,0.000000,0.000000,
0.000000,35.941977,-72.567298,481.419447,0.000000,0.000000,0.037894,0.658265,3.066321,35.941977,-72.567298,481.419447,0.000000,0.000000,0.000000,0.000000,
0.000000,30.952643,-72.443805,480.873348,0.000000,0.000000,0.040276,0.658286,3.067131,30.952643,-72.443805,480.873348,0.000000,0.000000,0.000000,0.000000,
0.000000,25.994848,-72.406106,480.821970,0.000000,0.000000,0.040923,0.657788,3.067232,25.994848,-72.406106,480.821970,0.000000,0.000000,0.000000,0.000000,
0.000000,21.037478,-72.403497,480.976086,0.000000,0.000000,0.044897,0.656892,3.068183,21.037478,-72.403497,480.976086,0.000000,0.000000,0.000000,0.000000,
0.000000,16.073397,-72.321932,480.684220,0.000000,0.000000,0.043444,0.656813,3.068499,16.073397,-72.321932,480.684220,0.000000,0.000000,0.000000,0.000000,
0.000000,11.121720,-72.286318,480.619139,0.000000,0.000000,0.045124,0.658305,3.067481,11.121720,-72.286318,480.619139,0.000000,0.000000,0.000000,0.000000,
0.000000,6.157009,-72.191569,480.234533,0.000000,0.000000,0.049310,0.660307,3.068633,6.157009,-72.191569,480.234533,0.000000,0.000000,0.000000,0.000000,
0.000000,1.203678,-72.202987,480.526411,0.000000,0.000000,0.050371,0.658372,3.069268,1.203678,-72.202987,480.526411,0.000000,0.000000,0.000000,0.000000,
0.000000,-3.757202,-72.173785,480.562649,0.000000,0.000000,0.049775,0.657415,3.069884,-3.757202,-72.173785,480.562649,0.000000,0.000000,0.000000,0.000000,
0.000000,-8.704763,-72.101888,480.279501,0.000000,0.000000,0.051573,0.657211,3.070070,-8.704763,-72.101888,480.279501,0.000000,0.000000,0.000000,0.000000,
0.000000,-13.646839,-72.017342,479.965184,0.000000,0.000000,0.050555,0.660316,3.070121,-13.646839,-72.017342,479.965184,0.000000,0.000000,0.000000,0.000000,
0.000000,-18.611986,-72.027990,480.217808,0.000000,0.000000,0.054176,0.657563,3.070879,-18.611986,-72.027990,480.217808,0.000000,0.000000,0.000000,0.000000,
0.000000,-23.558498,-71.973180,480.051971,0.000000,0.000000,-0.055706,-0.658680,-3.071830,-23.558498,-71.973180,480.051971,0.000000,0.000000,0.000000,0.000000,
0.000000,-28.491947,-71.917304,479.857767,0.000000,0.000000,-0.056717,-0.661193,-3.071129,-28.491947,-71.917304,479.857767,0.000000,0.000000,0.000000,0.000000,
0.000000,-33.401507,-71.801075,479.302699,0.000000,0.000000,-0.060730,-0.661921,-3.069714,-33.401507,-71.801075,479.302699,0.000000,0.000000,0.000000,0.000000,
0.000000,-38.373901,-71.827953,479.660127,0.000000,0.000000,-0.060321,-0.660643,-3.069958,-38.373901,-71.827953,479.660127,0.000000,0.000000,0.000000,0.000000,
0.000000,-43.353587,-71.844774,479.980883,0.000000,0.000000,-0.061781,-0.659536,-3.070087,-43.353587,-71.844774,479.980883,0.000000,0.000000,0.000000,0.000000,
0.000000,-48.248618,-71.733814,479.492838,0.000000,0.000000,-0.064245,-0.658987,-3.069147,-48.248618,-71.733814,479.492838,0.000000,0.000000,0.000000,0.000000,
0.000000,101.165035,-96.565274,495.142335,0.000000,0.000000,0.013923,0.657417,3.063600,101.165035,-96.565274,495.142335,0.000000,0.000000,0.000000,0.000000,
