Time-Stame, X-position, Y-position, Z-position, X-pixel, Y-pixel, Rotation-vector, Translation-vector, mua, mus, muaLUT, musLUT
0.000,31.02, 14.91, 171.13, 1022.96, 827.76, -0.3492, 0.3356, 1.5518, 37.7323, 1.4228, 159.8385, 1.8011, 30.2978, 0.0500, 0.9618
4.934,29.28, 14.93, 171.05, 994.56, 828.14, -0.3490, 0.3361, 1.5522, 35.9866, 1.4389, 159.7583, 1.2871, 5.2708, 0.0500, 3.0000
10.085,27.57, 14.94, 171.06, 966.40, 828.22, -0.3475, 0.3366, 1.5526, 34.2588, 1.4527, 159.7512, 0.0394, 0.2031, 0.0500, 2.0450
22.062,25.88, 14.93, 171.18, 938.35, 827.93, -0.3445, 0.3365, 1.5529, 32.5441, 1.4661, 159.8313, -0.0025, 10.5281, 0.0500, 3.0000
28.737,24.14, 14.95, 171.10, 909.96, 828.33, -0.3443, 0.3372, 1.5532, 30.7983, 1.4810, 159.7524, 0.0028, 2.0693, 0.0500, 0.5775
33.752,22.43, 14.96, 171.13, 881.82, 828.55, -0.3431, 0.3382, 1.5535, 29.0720, 1.4990, 159.7725, 0.1209, 0.1290, 0.0500, 0.7522
38.551,20.73, 14.96, 171.19, 853.83, 828.46, -0.3404, 0.3388, 1.5541, 27.3488, 1.5135, 159.8001, 0.1662, 0.1122, 0.0500, 0.1000
43.320,19.00, 14.97, 171.16, 825.54, 828.72, -0.3395, 0.3396, 1.5545, 25.6105, 1.5281, 159.7564, 1.1984, 0.6137, 0.0500, 3.0000
47.832,17.31, 14.98, 171.21, 797.67, 828.74, -0.3369, 0.3409, 1.5547, 23.8839, 1.5409, 159.7863, 0.0047, 2.2809, 0.0149, 3.0000
52.483,15.59, 15.00, 171.19, 769.49, 829.10, -0.3361, 0.3423, 1.5551, 22.1491, 1.5575, 159.7576, 0.0031, 3.0976, 0.0500, 1.2530
57.440,13.86, 15.00, 171.18, 741.11, 829.16, -0.3350, 0.3422, 1.5556, 20.4138, 1.5710, 159.7345, 1.4688, 0.4180, 0.0500, 1.1831
62.519,12.14, 15.02, 171.17, 713.05, 829.40, -0.3334, 0.3436, 1.5560, 18.6794, 1.5853, 159.7044, 0.0815, -0.1290, 0.0500, 0.1000
67.138,10.44, 15.03, 171.18, 685.02, 829.63, -0.3319, 0.3452, 1.5562, 16.9464, 1.5984, 159.7035, -0.0011, 2.9876, 0.0480, 0.1932
71.776,8.72, 15.04, 171.16, 656.89, 829.87, -0.3305, 0.3464, 1.5566, 15.2125, 1.6128, 159.6678, 8.4258, 19.1102, 0.0500, 3.0000
76.496,7.01, 15.06, 171.17, 628.86, 830.07, -0.3288, 0.3478, 1.5570, 13.4812, 1.6281, 159.6681, -0.0038, 5.2438, 0.0500, 0.6474
81.133,5.29, 15.07, 171.15, 600.65, 830.33, -0.3280, 0.3489, 1.5573, 11.7481, 1.6413, 159.6400, 1.6302, 1.1538, 0.0147, 3.0000
86.201,3.57, 15.08, 171.16, 572.39, 830.51, -0.3270, 0.3496, 1.5575, 10.0139, 1.6553, 159.6417, 0.0047, 2.7482, 0.0021, 3.0000
90.999,1.87, 15.10, 171.12, 544.49, 830.82, -0.3251, 0.3517, 1.5580, 8.2831, 1.6687, 159.5892, 0.1107, 0.1336, 0.0500, 3.0000
95.656,0.14, 15.11, 171.14, 516.12, 830.96, -0.3244, 0.3520, 1.5584, 6.5497, 1.6831, 159.5980, 0.8300, -0.8464, 0.0500, 3.0000
100.642,-1.57, 15.13, 171.12, 488.00, 831.26, -0.3235, 0.3535, 1.5587, 4.8187, 1.6965, 159.5784, -0.0029, 4.8116, 0.0500, 0.9735
105.626,-3.28, 15.14, 171.11, 459.91, 831.55, -0.3224, 0.3550, 1.5590, 3.0884, 1.7093, 159.5531, 0.0928, 0.1441, 0.0500, 0.8337
110.432,-4.99, 15.16, 171.11, 431.85, 831.87, -0.3214, 0.3566, 1.5594, 1.3596, 1.7252, 159.5538, 1.1735, 1.1746, 0.0500, 0.7871
115.076,-6.70, 15.17, 171.12, 403.71, 831.99, -0.3200, 0.3574, 1.5598, -0.3694, 1.7382, 159.5467, 0.1588, 0.1126, 0.0500, 0.7871
120.328,-8.41, 15.19, 171.09, 375.60, 832.32, -0.3193, 0.3590, 1.5601, -2.0979, 1.7495, 159.5131, 0.8965, 1.5270, 0.0486, 0.1000
125.570,-10.13, 15.20, 171.11, 347.44, 832.50, -0.3183, 0.3598, 1.5604, -3.8263, 1.7642, 159.5273, 0.0628, 0.1709, 0.0500, 0.6124
130.688,-11.85, 15.22, 171.12, 319.30, 832.83, -0.3178, 0.3612, 1.5607, -5.5554, 1.7799, 159.5362, 1.1138, 5.5905, 0.0500, 0.6474
135.505,-13.55, 15.24, 171.09, 291.31, 833.14, -0.3167, 0.3628, 1.5610, -7.2789, 1.7916, 159.5028, 0.1418, 0.1206, 0.0051, 3.0000
140.619,-15.25, 15.24, 171.13, 263.39, 833.20, -0.3149, 0.3640, 1.5613, -9.0069, 1.8024, 159.5204, 0.1617, -0.1541, 0.0500, 1.0550
145.724,-16.96, 15.28, 170.99, 235.18, 834.03, -0.3160, 0.3665, 1.5613, -10.7207, 1.8143, 159.4063, 0.1055, 0.1371, 0.0500, 0.5659
150.538,-18.66, 15.30, 170.98, 207.27, 834.33, -0.3150, 0.3683, 1.5615, -12.4408, 1.8267, 159.3962, 0.1177, 0.1308, 0.0500, 3.0000
155.046,-20.36, 15.31, 171.01, 179.29, 834.49, -0.3136, 0.3694, 1.5619, -14.1649, 1.8408, 159.4082, -0.0017, 11.8558, 0.0500, 0.6474
288.703,31.14, 7.06, 175.28, 1012.76, 696.10, -0.3517, 0.3412, 1.5554, 37.8662, -6.4589, 164.0427, -0.0050, 6.1645, 0.0500, 3.0000
293.645,29.42, 7.07, 175.25, 985.22, 696.27, -0.3507, 0.3420, 1.5557, 36.1290, -6.4478, 163.9955, 0.0488, 0.1888, 0.0500, 0.6474
298.312,27.70, 7.08, 175.27, 957.72, 696.30, -0.3492, 0.3426, 1.5560, 34.3998, -6.4395, 163.9974, 2.8790, 7.5785, 0.0500, 1.1715
303.932,25.98, 7.09, 175.27, 930.06, 696.47, -0.3486, 0.3433, 1.5564, 32.6665, -6.4285, 163.9921, -0.0000, 1.3315, 0.0500, 0.6241
308.776,24.25, 7.09, 175.24, 902.46, 696.60, -0.3476, 0.3440, 1.5569, 30.9305, -6.4175, 163.9554, 0.0528, 0.1835, 0.0500, 0.1000
314.184,22.55, 7.09, 175.29, 875.06, 696.52, -0.3454, 0.3446, 1.5572, 29.2050, -6.4104, 163.9823, 0.0088, 2.1967, 0.0500, 1.3695
318.916,20.83, 7.09, 175.33, 847.42, 696.53, -0.3442, 0.3448, 1.5576, 27.4756, -6.3998, 164.0020, 0.0590, 0.1750, 0.0500, 0.1116
324.026,19.10, 7.10, 175.32, 819.80, 696.60, -0.3431, 0.3454, 1.5579, 25.7376, -6.3916, 163.9779, -0.0014, 6.5690, 0.0500, 0.1233
330.376,17.38, 7.11, 175.27, 792.35, 696.88, -0.3421, 0.3470, 1.5584, 24.0019, -6.3793, 163.9236, -0.0047, 6.9495, 0.0500, 3.0000
335.489,15.67, 7.12, 175.29, 764.87, 696.95, -0.3406, 0.3479, 1.5587, 22.2710, -6.3708, 163.9342, 0.0041, 5.0961, 0.0500, 1.0317
340.611,13.96, 7.12, 175.27, 737.38, 697.08, -0.3392, 0.3491, 1.5591, 20.5348, -6.3621, 163.8993, -0.0030, 4.8824, 0.0500, 3.0000
345.357,12.23, 7.14, 175.25, 709.82, 697.31, -0.3384, 0.3504, 1.5594, 18.7987, -6.3511, 163.8763, 0.0566, 0.1792, 0.0252, 1.3695
350.507,10.51, 7.14, 175.23, 682.17, 697.38, -0.3373, 0.3507, 1.5598, 17.0630, -6.3412, 163.8406, 0.3098, 0.0956, 0.0500, 3.0000
355.402,8.79, 7.15, 175.25, 654.62, 697.50, -0.3362, 0.3517, 1.5602, 15.3312, -6.3313, 163.8493, 0.0704, 0.1629, 0.0035, 3.0000
360.234,7.07, 7.15, 175.26, 627.06, 697.52, -0.3348, 0.3523, 1.5606, 13.5985, -6.3234, 163.8478, 0.0506, 0.1864, 0.0500, 1.8353
365.368,5.36, 7.17, 175.21, 599.62, 697.91, -0.3342, 0.3544, 1.5608, 11.8641, -6.3114, 163.7995, 0.0031, 3.5430, 0.0500, 3.0000
370.193,3.64, 7.18, 175.25, 572.13, 697.96, -0.3327, 0.3552, 1.5613, 10.1335, -6.3017, 163.8152, 0.0145, 1.5705, 0.0500, 3.0000
374.874,1.92, 7.19, 175.21, 544.54, 698.14, -0.3318, 0.3561, 1.5614, 8.3974, -6.2925, 163.7738, 0.1300, 0.1295, 0.0500, 3.0000
379.706,0.21, 7.20, 175.23, 517.19, 698.27, -0.3302, 0.3578, 1.5619, 6.6684, -6.2840, 163.7748, 0.1983, 0.1057, 0.0500, 3.0000
384.711,-1.50, 7.20, 175.22, 489.62, 698.37, -0.3292, 0.3585, 1.5623, 4.9367, -6.2747, 163.7618, 2.0148, 0.4166, 0.0500, 0.1000
389.432,-3.23, 7.22, 175.20, 461.92, 698.63, -0.3291, 0.3593, 1.5624, 3.2040, -6.2643, 163.7396, 0.0061, 2.0525, 0.0500, 1.0667
394.035,-4.94, 7.23, 175.21, 434.60, 698.83, -0.3276, 0.3611, 1.5629, 1.4750, -6.2537, 163.7414, 0.1368, 0.1214, 0.0500, 0.7406
398.889,-6.64, 7.24, 175.21, 407.25, 698.99, -0.3262, 0.3626, 1.5632, -0.2533, -6.2451, 163.7241, 2.1693, 6.3604, 0.0500, 3.0000
403.665,-8.35, 7.25, 175.25, 379.87, 699.10, -0.3249, 0.3639, 1.5635, -1.9837, -6.2362, 163.7571, 0.1314, 0.1237, 0.0500, 0.7173
408.771,-10.07, 7.25, 175.31, 352.40, 698.99, -0.3230, 0.3643, 1.5641, -3.7158, -6.2288, 163.7939, 0.4252, 0.0989, 0.0500, 1.6024
413.969,-11.79, 7.26, 175.25, 324.81, 699.34, -0.3231, 0.3656, 1.5643, -5.4408, -6.2183, 163.7370, 0.0765, -0.1882, 0.0500, 0.9851
419.247,-13.49, 7.27, 175.28, 297.59, 699.42, -0.3213, 0.3671, 1.5647, -7.1669, -6.2106, 163.7524, 0.0171, 1.7225, 0.0500, 0.1000
424.706,-15.21, 7.28, 175.28, 269.93, 699.64, -0.3213, 0.3677, 1.5649, -8.8958, -6.1996, 163.7546, 0.1534, -0.1472, 0.0075, 3.0000
433.047,-16.91, 7.31, 175.23, 242.62, 700.11, -0.3210, 0.3701, 1.5651, -10.6163, -6.1879, 163.7183, 0.0183, 1.8394, 0.0143, 3.0000
439.218,-18.64, 7.32, 175.22, 215.04, 700.31, -0.3207, 0.3706, 1.5652, -12.3400, -6.1770, 163.7063, 0.7459, 1.2451, 0.0111, 3.0000
444.459,-20.32, 7.34, 175.17, 187.91, 700.60, -0.3194, 0.3729, 1.5655, -14.0543, -6.1688, 163.6442, -0.0088, 4.1692, 0.0197, 1.6024
558.572,31.13, -0.96, 179.60, 1000.56, 567.83, -0.3541, 0.3443, 1.5531, 37.8278, -14.5368, 168.4090, 0.0485, 0.1890, 0.0500, 0.1000
563.640,29.41, -0.93, 179.55, 973.82, 568.27, -0.3532, 0.3464, 1.5532, 36.0857, -14.5177, 168.3555, 0.0258, -0.0778, 0.0195, 2.1731
568.701,27.68, -0.92, 179.52, 946.78, 568.43, -0.3523, 0.3463, 1.5536, 34.3473, -14.4998, 168.3089, 0.0433, 0.1970, 0.0500, 0.1116
573.972,25.96, -0.92, 179.54, 919.95, 568.51, -0.3506, 0.3470, 1.5538, 32.6168, -14.4886, 168.3096, 0.1120, 0.1319, 0.0500, 1.0317
579.029,24.22, -0.90, 179.49, 892.83, 568.85, -0.3509, 0.3478, 1.5542, 30.8766, -14.4720, 168.2677, 0.1064, -0.1816, 0.0500, 0.1233
584.528,22.51, -0.89, 179.50, 865.95, 568.98, -0.3497, 0.3486, 1.5546, 29.1473, -14.4597, 168.2712, 0.0008, 2.8981, 0.0500, 0.1582
589.545,20.79, -0.88, 179.51, 839.06, 569.09, -0.3482, 0.3493, 1.5551, 27.4139, -14.4460, 168.2563, 0.0074, 1.7553, 0.0500, 3.0000
594.725,19.06, -0.87, 179.49, 812.10, 569.27, -0.3472, 0.3500, 1.5554, 25.6772, -14.4321, 168.2280, 0.3260, 7.8358, 0.0500, 0.6241
600.125,17.34, -0.85, 179.46, 785.14, 569.53, -0.3465, 0.3510, 1.5559, 23.9414, -14.4160, 168.1960, 5.5506, 13.0254, 0.0165, 1.9402
605.291,15.61, -0.84, 179.47, 758.12, 569.73, -0.3457, 0.3517, 1.5562, 22.2063, -14.4020, 168.1924, -0.0002, 5.9252, 0.0500, 0.7988
610.139,13.90, -0.83, 179.47, 731.25, 569.86, -0.3442, 0.3525, 1.5566, 20.4724, -14.3884, 168.1769, 1.1979, 1.1762, 0.0025, 3.0000
615.304,12.17, -0.81, 179.40, 704.32, 570.21, -0.3436, 0.3538, 1.5569, 18.7349, -14.3696, 168.1119, 0.1748, 0.1111, 0.0500, 1.3112
620.570,10.46, -0.81, 179.45, 677.48, 570.24, -0.3418, 0.3546, 1.5572, 17.0032, -14.3615, 168.1378, 1.4196, 0.3862, 0.0500, 1.1598
626.295,8.73, -0.79, 179.43, 650.39, 570.50, -0.3414, 0.3553, 1.5577, 15.2670, -14.3443, 168.1113, 1.1778, 1.7175, 0.0304, 0.9386
631.900,7.02, -0.77, 179.42, 623.63, 570.74, -0.3398, 0.3567, 1.5580, 13.5340, -14.3292, 168.0942, 0.0010, 3.4601, 0.0346, 0.2165
637.361,5.30, -0.76, 179.40, 596.79, 570.97, -0.3387, 0.3580, 1.5581, 11.7991, -14.3165, 168.0630, 0.0100, 1.9296, 0.0500, 0.7639
642.577,3.59, -0.74, 179.39, 569.91, 571.22, -0.3376, 0.3592, 1.5585, 10.0660, -14.3011, 168.0455, 1.3759, 3.3459, 0.0500, 0.7755
647.743,1.86, -0.74, 179.38, 542.88, 571.33, -0.3367, 0.3597, 1.5591, 8.3329, -14.2877, 168.0288, 0.0107, 2.3129, 0.0500, 1.8936
653.930,0.15, -0.72, 179.39, 516.04, 571.61, -0.3356, 0.3609, 1.5593, 6.6003, -14.2722, 168.0271, 0.0767, 0.1580, 0.0237, 1.0434
659.516,-1.56, -0.70, 179.39, 489.31, 571.88, -0.3342, 0.3626, 1.5595, 4.8684, -14.2579, 168.0136, 0.2670, -0.2823, 0.0500, 1.0317
664.912,-3.28, -0.68, 179.33, 462.39, 572.27, -0.3337, 0.3641, 1.5598, 3.1377, -14.2392, 167.9592, 0.0402, 0.7378, 0.0500, 2.1614
670.183,-5.00, -0.67, 179.34, 435.46, 572.38, -0.3326, 0.3647, 1.5603, 1.4071, -14.2271, 167.9557, 0.0838, 0.1519, 0.0073, 2.9185
675.175,-6.72, -0.65, 179.36, 408.52, 572.66, -0.3321, 0.3656, 1.5606, -0.3234, -14.2120, 167.9703, 0.0023, 1.6961, 0.0500, 1.2763
680.124,-8.42, -0.64, 179.37, 381.89, 572.91, -0.3303, 0.3673, 1.5607, -2.0527, -14.1975, 167.9635, 0.0038, 3.4899, 0.0249, 1.1249
685.007,-10.13, -0.63, 179.37, 355.09, 573.06, -0.3291, 0.3684, 1.5612, -3.7804, -14.1857, 167.9606, -0.0005, 5.6614, 0.0127, 1.5908
690.010,-11.86, -0.62, 179.41, 328.11, 573.16, -0.3282, 0.3688, 1.5616, -5.5122, -14.1739, 167.9838, 0.9497, 1.1348, 0.0500, 2.6622
695.430,-13.56, -0.59, 179.40, 301.49, 573.55, -0.3271, 0.3708, 1.5619, -7.2360, -14.1555, 167.9742, 0.3639, 0.0957, 0.0027, 2.3594
700.767,-15.29, -0.58, 179.43, 274.46, 573.80, -0.3268, 0.3712, 1.5620, -8.9698, -14.1416, 167.9977, 0.1223, 0.1269, 0.0500, 1.9867
706.376,-16.99, -0.56, 179.39, 247.80, 574.07, -0.3256, 0.3728, 1.5624, -10.6898, -14.1268, 167.9534, 1.9426, 1.1159, 0.0500, 0.9269
711.153,-18.71, -0.54, 179.36, 220.74, 574.40, -0.3259, 0.3733, 1.5626, -12.4143, -14.1093, 167.9303, 0.2585, 0.0976, 0.0500, 1.7655
716.347,-20.42, -0.50, 179.27, 193.73, 574.99, -0.3267, 0.3747, 1.5628, -14.1281, -14.0848, 167.8492, 1.0151, 1.0832, 0.0500, 3.0000
845.697,31.30, -8.93, 183.77, 992.19, 446.32, -0.3584, 0.3492, 1.5535, 38.0095, -22.5644, 172.6507, 2.7511, 1.8039, 0.0500, 1.7422
850.741,29.59, -8.92, 183.76, 966.07, 446.49, -0.3568, 0.3507, 1.5539, 36.2765, -22.5519, 172.6307, -0.0021, 2.7786, 0.0500, 0.6357
855.522,27.86, -8.91, 183.75, 939.56, 446.59, -0.3563, 0.3505, 1.5542, 34.5399, -22.5390, 172.6118, 2.3101, 6.6367, 0.0500, 3.0000
860.040,26.14, -8.90, 183.73, 913.41, 446.78, -0.3548, 0.3520, 1.5546, 32.8043, -22.5253, 172.5800, -0.0014, 2.3275, 0.0051, 2.6506
864.836,24.42, -8.88, 183.72, 887.11, 447.02, -0.3538, 0.3531, 1.5550, 31.0690, -22.5091, 172.5594, -0.0033, 6.5913, 0.0500, 0.1233
869.780,22.68, -8.86, 183.66, 860.62, 447.37, -0.3539, 0.3538, 1.5551, 29.3254, -22.4887, 172.5027, -0.0028, 4.2000, 0.0500, 0.8803
874.761,20.97, -8.85, 183.69, 834.39, 447.42, -0.3523, 0.3547, 1.5556, 27.5966, -22.4801, 172.5149, 0.1464, 0.1216, 0.0500, 3.0000
879.768,19.24, -8.85, 183.69, 807.96, 447.52, -0.3514, 0.3550, 1.5560, 25.8621, -22.4682, 172.5064, -0.0042, 2.9046, 0.0500, 0.9502
885.145,17.52, -8.83, 183.65, 781.75, 447.79, -0.3503, 0.3565, 1.5563, 24.1237, -22.4509, 172.4499, 1.6432, 0.4616, 0.0500, 3.0000
890.057,15.79, -8.81, 183.61, 755.26, 448.04, -0.3500, 0.3569, 1.5565, 22.3846, -22.4331, 172.4141, 0.0956, 0.1430, 0.0500, 0.7755
894.880,14.06, -8.80, 183.61, 728.84, 448.20, -0.3492, 0.3575, 1.5571, 20.6512, -22.4200, 172.4071, -0.0038, -3.0938, 0.0500, 3.0000
899.841,12.34, -8.79, 183.62, 702.54, 448.35, -0.3481, 0.3584, 1.5573, 18.9177, -22.4090, 172.4061, -0.0039, 3.0616, 0.0500, 1.2064
904.837,10.62, -8.77, 183.57, 676.30, 448.59, -0.3468, 0.3596, 1.5576, 17.1803, -22.3906, 172.3414, 0.0528, 0.1836, 0.0500, 1.6141
910.320,8.91, -8.76, 183.59, 650.13, 448.76, -0.3453, 0.3610, 1.5580, 15.4494, -22.3792, 172.3462, 0.0732, 0.1618, 0.0111, 3.0000
915.516,7.19, -8.74, 183.55, 623.77, 449.09, -0.3448, 0.3623, 1.5583, 13.7124, -22.3614, 172.3111, -0.0005, 3.1937, 0.0500, 0.1000
920.803,5.47, -8.73, 183.58, 597.39, 449.28, -0.3442, 0.3630, 1.5586, 11.9814, -22.3498, 172.3308, 0.0025, 2.1093, 0.0500, 0.8454
925.821,3.74, -8.71, 183.57, 571.03, 449.47, -0.3432, 0.3638, 1.5591, 10.2477, -22.3340, 172.3133, -0.0063, 4.0181, 0.0500, 0.6241
931.283,2.02, -8.70, 183.55, 544.64, 449.74, -0.3427, 0.3647, 1.5592, 8.5126, -22.3177, 172.2912, 0.0373, 0.2079, 0.0500, 1.4277
937.012,0.32, -8.68, 183.56, 518.63, 449.94, -0.3407, 0.3666, 1.5595, 6.7817, -22.3070, 172.2888, 0.0788, 0.1552, 0.0500, 0.1000
947.358,-1.41, -8.66, 183.54, 492.23, 450.30, -0.3406, 0.3677, 1.5598, 5.0495, -22.2882, 172.2679, 0.0409, 0.2014, 0.0500, 3.0000
953.856,-3.13, -8.66, 183.59, 465.90, 450.27, -0.3390, 0.3679, 1.5603, 3.3168, -22.2817, 172.2980, -0.0012, 9.7572, 0.0173, 1.9052
958.706,-4.84, -8.64, 183.56, 439.72, 450.54, -0.3379, 0.3692, 1.5605, 1.5869, -22.2645, 172.2543, 3.5756, 9.1158, 0.0500, 0.1000
964.432,-6.55, -8.63, 183.56, 413.55, 450.79, -0.3366, 0.3706, 1.5609, -0.1420, -22.2487, 172.2470, 0.0724, 0.1618, 0.0017, 3.0000
971.182,-8.26, -8.61, 183.58, 387.31, 451.07, -0.3359, 0.3719, 1.5611, -1.8728, -22.2362, 172.2672, -0.0025, 3.5669, 0.0011, 3.0000
976.217,-9.99, -8.60, 183.58, 360.86, 451.21, -0.3353, 0.3720, 1.5616, -3.6030, -22.2211, 172.2613, -0.0033, 4.7437, 0.0500, 3.0000
981.444,-11.69, -8.59, 183.58, 334.88, 451.35, -0.3333, 0.3735, 1.5618, -5.3313, -22.2104, 172.2444, 1.3310, 3.4882, 0.0500, 3.0000
986.699,-13.41, -8.57, 183.53, 308.58, 451.72, -0.3329, 0.3746, 1.5621, -7.0563, -22.1881, 172.1904, 0.7227, 8.2312, 0.0500, 1.1365
991.759,-15.14, -8.55, 183.53, 282.03, 451.96, -0.3331, 0.3746, 1.5625, -8.7842, -22.1714, 172.1940, 0.0528, 0.1844, 0.0500, 2.0566
996.922,-16.86, -8.54, 183.53, 255.77, 452.18, -0.3325, 0.3756, 1.5628, -10.5105, -22.1573, 172.1877, 0.8603, 1.9001, 0.0500, 0.1000
1001.794,-18.56, -8.52, 183.53, 229.68, 452.40, -0.3310, 0.3768, 1.5633, -12.2329, -22.1408, 172.1775, 0.2862, 0.0959, 0.0500, 0.6474
1007.318,-20.27, -8.50, 183.49, 203.45, 452.72, -0.3305, 0.3778, 1.5636, -13.9535, -22.1205, 172.1345, 0.1846, -0.2031, 0.0161, 1.5209
1127.473,31.53, -16.98, 188.03, 984.72, 329.11, -0.3614, 0.3529, 1.5568, 38.2703, -30.6350, 176.9610, 1.5883, 1.0675, 0.0500, 0.9269
1132.311,29.82, -16.98, 188.06, 959.18, 329.11, -0.3596, 0.3540, 1.5571, 36.5413, -30.6325, 176.9636, 0.0306, 0.2229, 0.0500, 0.9269
1137.158,28.08, -16.96, 187.97, 933.33, 329.32, -0.3593, 0.3548, 1.5575, 34.7926, -30.6122, 176.8733, 0.0549, 0.1795, 0.0500, 3.0000
1141.833,26.37, -16.97, 188.03, 907.64, 329.28, -0.3579, 0.3553, 1.5578, 33.0681, -30.6155, 176.9246, 0.0053, 3.2906, 0.0500, 3.0000
1146.524,24.64, -16.94, 187.93, 881.97, 329.53, -0.3570, 0.3568, 1.5583, 31.3204, -30.5924, 176.8149, 4.0601, 10.1045, 0.0500, 0.9968
1151.178,22.91, -16.93, 187.91, 856.28, 329.65, -0.3558, 0.3580, 1.5585, 29.5825, -30.5830, 176.7884, 1.3171, 1.6806, 0.0500, 1.8819
1156.254,21.20, -16.91, 187.87, 830.64, 329.90, -0.3550, 0.3596, 1.5587, 27.8444, -30.5689, 176.7444, 0.9956, 1.4236, 0.0500, 0.1233
1161.358,19.47, -16.93, 187.94, 804.80, 329.80, -0.3538, 0.3593, 1.5590, 26.1162, -30.5709, 176.7918, 0.0591, 0.1752, 0.0500, 0.8454
1166.009,17.75, -16.91, 187.89, 779.05, 329.97, -0.3530, 0.3604, 1.5594, 24.3768, -30.5560, 176.7418, 5.2000, 12.3429, 0.0496, 0.4727
1170.913,16.00, -16.89, 187.84, 753.05, 330.17, -0.3531, 0.3607, 1.5598, 22.6368, -30.5380, 176.6960, 1.6632, 1.6360, 0.0500, 0.1582
1175.836,14.29, -16.89, 187.87, 727.34, 330.28, -0.3520, 0.3617, 1.5603, 20.9060, -30.5315, 176.7081, 1.1814, 1.2155, 0.0500, 0.1116
1180.837,12.56, -16.87, 187.83, 701.58, 330.44, -0.3512, 0.3626, 1.5606, 19.1683, -30.5178, 176.6666, 0.0033, 6.3722, 0.0063, 3.0000
1185.608,10.84, -16.86, 187.85, 675.76, 330.60, -0.3507, 0.3634, 1.5609, 17.4345, -30.5094, 176.6776, 0.0558, 0.1789, 0.0500, 0.6707
1190.617,9.11, -16.85, 187.81, 650.02, 330.78, -0.3498, 0.3644, 1.5610, 15.6957, -30.4952, 176.6295, 1.3385, 0.8072, 0.0500, 0.1116
1195.519,7.41, -16.85, 187.84, 624.53, 330.83, -0.3478, 0.3658, 1.5614, 13.9659, -30.4917, 176.6446, -0.0256, 33.1113, 0.0500, 3.0000
1200.408,5.69, -16.84, 187.83, 598.87, 331.01, -0.3466, 0.3671, 1.5617, 12.2317, -30.4799, 176.6215, 0.1083, 0.1341, 0.0500, 0.1466
1205.334,3.97, -16.82, 187.79, 573.14, 331.25, -0.3459, 0.3684, 1.5619, 10.4959, -30.4650, 176.5815, 0.1744, 0.1123, 0.0500, 3.0000
1210.396,2.25, -16.81, 187.80, 547.36, 331.33, -0.3451, 0.3689, 1.5624, 8.7644, -30.4560, 176.5793, 1.0756, 1.7724, 0.0342, 1.6490
1215.529,0.52, -16.80, 187.81, 521.53, 331.51, -0.3446, 0.3696, 1.5627, 7.0316, -30.4458, 176.5904, -0.0021, 3.5577, 0.0500, 3.0000
1220.187,-1.20, -16.79, 187.84, 495.84, 331.65, -0.3437, 0.3707, 1.5630, 5.2986, -30.4400, 176.6126, -0.0017, 1.8579, 0.0364, 0.2048
1224.603,-2.91, -16.79, 187.84, 470.17, 331.69, -0.3421, 0.3713, 1.5634, 3.5675, -30.4298, 176.5916, 0.0022, 2.1125, 0.0500, 0.7871
1229.079,-4.63, -16.77, 187.82, 444.52, 331.91, -0.3412, 0.3725, 1.5637, 1.8371, -30.4159, 176.5671, -0.0059, -3.2799, 0.0500, 3.0000
1233.691,-6.36, -16.75, 187.77, 418.69, 332.18, -0.3412, 0.3733, 1.5639, 0.1067, -30.3982, 176.5253, -0.0025, 11.5470, 0.0470, 0.9735
1238.516,-8.08, -16.75, 187.82, 392.91, 332.24, -0.3403, 0.3738, 1.5643, -1.6261, -30.3940, 176.5610, -0.0004, 5.9284, 0.0500, 1.7655
1243.257,-9.79, -16.74, 187.82, 367.33, 332.39, -0.3391, 0.3750, 1.5648, -3.3533, -30.3839, 176.5574, 1.2518, 0.5372, 0.0500, 0.1000
1248.683,-11.50, -16.73, 187.81, 341.73, 332.55, -0.3379, 0.3760, 1.5649, -5.0822, -30.3711, 176.5302, 0.0908, 0.1463, 0.0500, 3.0000
1255.044,-13.23, -16.70, 187.74, 315.84, 332.95, -0.3384, 0.3769, 1.5650, -6.8092, -30.3467, 176.4719, 0.1496, 0.0957, 0.0500, 0.9153
1259.911,-14.95, -16.70, 187.76, 290.15, 333.02, -0.3373, 0.3775, 1.5653, -8.5405, -30.3405, 176.4850, 0.0535, 0.1815, 0.0432, 0.1932
1264.668,-16.66, -16.68, 187.71, 264.49, 333.22, -0.3366, 0.3783, 1.5657, -10.2598, -30.3215, 176.4213, 0.1379, 0.1203, 0.0049, 2.2313
1269.389,-18.39, -16.66, 187.72, 238.61, 333.44, -0.3369, 0.3786, 1.5661, -11.9867, -30.3100, 176.4422, 0.0851, 0.1479, 0.0490, 0.1233
1274.337,-20.11, -16.67, 187.76, 212.93, 333.40, -0.3356, 0.3785, 1.5665, -13.7139, -30.3054, 176.4618, 0.1080, 0.1348, 0.0500, 0.9735
