Time-Stame, X-position, Y-position, Z-position, X-pixel, Y-pixel, Rotation-vector, Translation-vector, mua, mus, muaLUT, musLUT
0.000,105.31, 52.02, 460.82, 1155.66, 900.04, 0.0179, 0.6255, 3.0691, 112.6469, 51.6500, 443.4828, -0.0027, 4.6555, 0.0091, 3.0000
8.522,99.98, 52.04, 460.09, 1124.12, 900.70, 0.0213, 0.6301, 3.0686, 107.2753, 51.6242, 442.7389, 0.0453, 0.1953, 0.0165, 1.3112
13.674,94.75, 52.07, 459.97, 1092.36, 900.94, 0.0211, 0.6285, 3.0694, 102.0487, 51.6729, 442.6219, 0.0163, 0.9218, 0.0500, 1.7771
18.434,89.60, 52.12, 460.02, 1060.82, 901.22, 0.0246, 0.6291, 3.0694, 96.8551, 51.7158, 442.6542, 0.0472, 0.3717, 0.0500, 3.0000
23.210,84.33, 52.12, 459.82, 1028.90, 901.35, 0.0230, 0.6263, 3.0702, 91.6077, 51.7498, 442.4627, 1.2667, 0.7989, 0.0500, 1.1249
27.782,79.14, 52.18, 459.70, 997.28, 901.83, 0.0259, 0.6292, 3.0702, 86.3759, 51.7855, 442.3245, 0.0714, 0.1641, 0.0500, 0.9618
32.712,73.99, 52.23, 459.86, 965.70, 902.01, 0.0298, 0.6279, 3.0707, 81.1913, 51.8457, 442.4659, 1.5170, -0.1414, 0.0500, 3.0000
37.500,68.80, 52.26, 459.78, 934.04, 902.28, 0.0323, 0.6276, 3.0708, 75.9677, 51.8827, 442.3708, 0.0338, 0.2144, 0.0500, 0.1000
42.514,63.62, 52.30, 459.91, 902.27, 902.42, 0.0335, 0.6257, 3.0717, 70.7720, 51.9459, 442.4978, 1.6962, 5.2242, 0.0500, 3.0000
47.219,58.42, 52.35, 459.96, 870.50, 902.66, 0.0344, 0.6253, 3.0719, 65.5651, 51.9960, 442.5432, 0.0227, 1.6084, 0.0500, 0.1116
52.130,53.30, 52.38, 460.31, 839.00, 902.61, 0.0399, 0.6203, 3.0730, 60.3867, 52.0792, 442.8644, 0.1265, 0.1239, 0.0500, 0.8920
57.035,48.13, 52.40, 460.28, 807.44, 902.79, 0.0440, 0.6192, 3.0733, 55.1669, 52.1167, 442.8195, 0.3598, 7.6699, 0.0500, 0.1116
62.051,42.97, 52.42, 460.67, 775.72, 902.64, 0.0461, 0.6127, 3.0746, 49.9832, 52.2085, 443.2045, 1.6730, 5.2126, 0.0113, 2.5225
66.841,37.78, 52.48, 460.77, 744.03, 902.94, 0.0487, 0.6139, 3.0749, 44.7642, 52.2589, 443.2902, 0.0558, 0.1793, 0.0500, 0.9502
71.575,32.60, 52.55, 460.59, 712.56, 903.48, 0.0544, 0.6185, 3.0744, 39.5243, 52.2741, 443.0836, 0.0829, 0.1529, 0.0500, 1.4859
76.220,27.42, 52.57, 460.37, 681.04, 903.73, 0.0592, 0.6179, 3.0745, 34.2883, 52.2934, 442.8378, -0.0023, 8.5053, 0.0500, 1.3462
81.145,22.25, 52.64, 460.59, 649.46, 904.04, 0.0631, 0.6193, 3.0745, 29.0796, 52.3526, 443.0442, 1.0770, 5.0242, 0.0500, 0.8920
85.927,17.03, 52.65, 460.41, 617.63, 904.18, 0.0628, 0.6174, 3.0754, 23.8552, 52.3817, 442.8613, 1.0446, 1.7179, 0.0500, 1.6839
90.871,11.82, 52.70, 460.48, 585.83, 904.48, 0.0635, 0.6188, 3.0756, 18.6353, 52.4271, 442.9293, 0.3949, 0.0970, 0.0494, 0.1699
95.783,6.69, 52.76, 460.87, 554.51, 904.55, 0.0718, 0.6165, 3.0762, 13.4145, 52.5050, 443.2862, 1.0769, 1.4929, 0.0500, 0.1000
100.502,1.50, 52.78, 460.76, 522.87, 904.76, 0.0744, 0.6163, 3.0764, 8.1923, 52.5291, 443.1697, -0.0010, 8.1892, 0.0500, 0.1000
105.430,-3.73, 52.78, 460.68, 491.02, 904.83, 0.0739, 0.6139, 3.0776, 2.9731, 52.5646, 443.0853, -0.0061, 4.1859, 0.0500, 1.1249
110.384,-8.91, 52.89, 460.67, 459.42, 905.47, 0.0767, 0.6207, 3.0766, -2.2424, 52.5916, 443.0638, -0.0005, 2.4231, 0.0500, 0.7289
115.267,-14.09, 52.88, 460.40, 427.80, 905.63, 0.0791, 0.6200, 3.0769, -7.4472, 52.5963, 442.7831, -0.0017, 7.5151, 0.0500, 3.0000
119.936,-19.24, 52.90, 460.40, 396.37, 905.73, 0.0843, 0.6183, 3.0770, -12.6556, 52.6266, 442.7634, 0.0341, 0.2139, 0.0500, 0.1000
124.813,-24.40, 52.95, 460.20, 364.84, 906.16, 0.0879, 0.6221, 3.0768, -17.8555, 52.6345, 442.5456, 1.5898, 0.4535, 0.0500, 1.4976
129.672,-29.55, 52.96, 459.94, 333.27, 906.45, 0.0903, 0.6236, 3.0771, -23.0387, 52.6375, 442.2724, 0.0718, 0.0988, 0.0500, 3.0000
134.303,-34.74, 52.99, 460.19, 301.69, 906.43, 0.0929, 0.6205, 3.0777, -28.2573, 52.6954, 442.5113, 0.8956, 3.6928, 0.0500, 1.1831
139.078,-39.87, 53.00, 460.08, 270.35, 906.56, 0.0985, 0.6196, 3.0777, -33.4460, 52.7106, 442.3818, -1.1000, -1.2469, 0.0500, 0.9386
143.770,-44.98, 53.03, 459.88, 239.06, 906.88, 0.1046, 0.6213, 3.0776, -38.6206, 52.7177, 442.1580, 0.0727, 0.1610, 0.0500, 0.8570
149.159,-50.08, 53.05, 459.59, 207.67, 907.19, -0.1093, -0.6233, -3.0770, -43.7813, 52.7114, 441.8498, 0.0366, -0.0957, 0.0500, 0.7522
313.887,105.01, 27.46, 473.45, 1136.76, 745.86, 0.0271, 0.6547, 3.0649, 112.2409, 26.7791, 456.0825, 0.1819, 0.1078, 0.0500, 0.1233
321.995,99.71, 27.54, 472.93, 1105.94, 746.51, 0.0280, 0.6612, 3.0639, 106.9216, 26.7861, 455.5503, 0.2650, 18.0996, 0.0500, 3.0000
326.774,94.47, 27.50, 472.85, 1074.94, 746.32, 0.0274, 0.6545, 3.0662, 101.6913, 26.8342, 455.4719, -0.0042, 3.8922, 0.0500, 0.8454
331.278,89.26, 27.53, 472.79, 1044.06, 746.47, 0.0285, 0.6531, 3.0663, 96.4723, 26.8696, 455.4100, 1.6514, 0.1868, 0.0500, 1.3928
336.185,84.16, 27.59, 473.08, 1013.45, 746.77, 0.0336, 0.6546, 3.0663, 91.3151, 26.9193, 455.6800, 0.2034, 0.1047, 0.0500, 1.0317
340.651,78.97, 27.64, 472.96, 982.75, 747.09, 0.0373, 0.6564, 3.0661, 86.0816, 26.9438, 455.5390, 0.0423, 0.1989, 0.0500, 1.9052
345.285,73.89, 27.64, 473.56, 952.03, 746.90, 0.0411, 0.6498, 3.0677, 80.9606, 27.0186, 456.1167, 1.2310, 6.4007, 0.0500, 3.0000
349.795,68.60, 27.71, 473.06, 921.06, 747.44, 0.0407, 0.6546, 3.0672, 75.6689, 27.0320, 455.6208, 1.0535, 1.2301, 0.0500, 0.1233
354.422,63.45, 27.72, 473.35, 890.29, 747.44, 0.0441, 0.6512, 3.0680, 70.4888, 27.0863, 455.8994, 0.0600, 0.1759, 0.0500, 3.0000
359.111,58.26, 27.73, 473.30, 859.47, 747.50, 0.0465, 0.6487, 3.0692, 65.2610, 27.1264, 455.8375, 0.0392, 0.2044, 0.0500, 1.2763
363.719,53.06, 27.74, 473.41, 828.55, 747.52, 0.0472, 0.6459, 3.0701, 60.0530, 27.1686, 455.9366, 0.0371, 0.2074, 0.0498, 0.1582
368.187,47.87, 27.75, 473.54, 797.67, 747.53, 0.0486, 0.6428, 3.0705, 54.8472, 27.2106, 456.0603, -0.0080, 4.4093, 0.0127, 3.0000
372.936,42.68, 27.84, 473.30, 767.06, 748.13, 0.0542, 0.6491, 3.0698, 49.6017, 27.2282, 455.7976, 0.0023, 2.9450, 0.0091, 3.0000
377.751,37.49, 27.87, 473.23, 736.28, 748.35, 0.0575, 0.6492, 3.0702, 44.3728, 27.2594, 455.7162, 0.4890, -0.5589, 0.0500, 3.0000
382.636,32.28, 27.89, 473.24, 705.36, 748.44, 0.0585, 0.6477, 3.0706, 39.1522, 27.2950, 455.7230, 0.0889, -0.1350, 0.0500, 1.0783
387.407,27.11, 27.92, 473.38, 674.60, 748.57, 0.0622, 0.6471, 3.0715, 33.9352, 27.3350, 455.8439, 0.0054, 2.2051, 0.0500, 1.5791
392.210,21.94, 27.92, 473.24, 643.97, 748.64, 0.0679, 0.6448, 3.0721, 28.7026, 27.3608, 455.6769, -0.0014, 2.6322, 0.0500, 0.1000
397.072,16.71, 27.97, 473.06, 612.98, 749.03, 0.0677, 0.6481, 3.0717, 23.4776, 27.3816, 455.5047, 0.0932, 0.1443, 0.0500, 3.0000
402.033,11.49, 28.00, 473.16, 581.93, 749.14, 0.0664, 0.6469, 3.0723, 18.2641, 27.4250, 455.6057, 1.8807, 0.4935, 0.0500, 3.0000
406.642,6.33, 28.03, 473.31, 551.33, 749.29, 0.0722, 0.6463, 3.0726, 13.0458, 27.4613, 455.7270, 2.0072, 0.5900, 0.0500, 1.3345
411.345,1.13, 28.05, 473.50, 520.45, 749.34, 0.0733, 0.6444, 3.0735, 7.8292, 27.5074, 455.9155, 1.3159, 0.7669, 0.0500, 0.1815
416.388,-4.04, 28.10, 473.12, 489.76, 749.73, 0.0773, 0.6480, 3.0729, 2.6144, 27.5088, 455.5189, 0.0005, 3.2280, 0.0500, 1.7189
421.308,-9.22, 28.13, 473.23, 459.05, 749.91, -0.0807, -0.6478, -3.0725, -2.6018, 27.5468, 455.6073, 0.0608, -0.1464, 0.0500, 1.1715
426.287,-14.39, 28.17, 473.04, 428.29, 750.18, -0.0835, -0.6495, -3.0719, -7.8095, 27.5618, 455.4111, 0.1288, 0.1259, 0.0500, 0.7871
431.011,-19.57, 28.19, 473.15, 397.55, 750.27, -0.0862, -0.6481, -3.0717, -13.0220, 27.5975, 455.5087, 0.0955, -0.1633, 0.0500, 0.6823
435.756,-24.75, 28.23, 473.12, 366.84, 750.51, -0.0891, -0.6490, -3.0709, -18.2272, 27.6260, 455.4622, -0.0019, 7.4588, 0.0500, 3.0000
440.659,-29.91, 28.27, 473.07, 336.17, 750.76, -0.0924, -0.6502, -3.0699, -23.4301, 27.6506, 455.4070, 0.1010, 0.1385, 0.0500, 0.1000
445.278,-35.10, 28.27, 473.23, 305.41, 750.72, -0.0941, -0.6470, -3.0703, -28.6411, 27.6885, 455.5524, -0.0046, 7.2563, 0.0079, 2.4759
450.010,-40.26, 28.29, 473.15, 274.77, 750.85, -0.0973, -0.6463, -3.0699, -33.8325, 27.7138, 455.4644, 0.0049, 2.9391, 0.0203, 1.5558
455.052,-45.38, 28.33, 472.91, 244.21, 751.18, -0.1015, -0.6487, -3.0689, -39.0068, 27.7255, 455.2071, 0.0011, 6.3096, 0.0135, 3.0000
459.875,-50.57, 28.38, 472.90, 213.41, 751.50, -0.1016, -0.6513, -3.0685, -44.1913, 27.7480, 455.1996, -0.0011, 3.6649, 0.0500, 1.3229
571.891,106.14, 3.18, 485.61, 1127.71, 601.24, 0.0284, 0.6613, 3.0622, 113.3612, 2.4031, 468.2385, 0.0829, 0.1493, 0.0500, 3.0000
579.577,101.05, 3.19, 485.89, 1097.87, 601.34, 0.0325, 0.6588, 3.0631, 108.2151, 2.4505, 468.5001, 0.0555, 0.1797, 0.0500, 1.1249
585.425,95.83, 3.27, 485.79, 1067.86, 601.81, 0.0340, 0.6620, 3.0624, 102.9853, 2.4927, 468.3883, 0.0914, 0.1461, 0.0500, 1.2297
590.276,90.63, 3.31, 485.81, 1037.74, 602.01, 0.0340, 0.6611, 3.0629, 97.7806, 2.5412, 468.4120, 1.5868, 3.7383, 0.0089, 3.0000
595.245,85.49, 3.34, 485.97, 1007.85, 602.19, 0.0381, 0.6595, 3.0633, 92.5936, 2.5882, 468.5541, 1.9998, 0.4899, 0.0500, 0.8920
600.074,80.21, 3.40, 485.71, 977.62, 602.51, 0.0367, 0.6604, 3.0637, 87.3356, 2.6381, 468.2992, 0.0631, 0.1636, 0.0500, 0.8570
605.045,75.10, 3.45, 485.92, 947.85, 602.83, 0.0428, 0.6616, 3.0639, 82.1507, 2.6821, 468.4768, 1.5463, 0.4436, 0.0500, 1.1715
611.416,69.92, 3.47, 485.92, 917.90, 602.94, 0.0463, 0.6590, 3.0648, 76.9299, 2.7286, 468.4661, -0.0027, 5.2126, 0.0500, 0.6940
616.534,64.67, 3.53, 485.73, 887.70, 603.30, 0.0453, 0.6604, 3.0652, 71.6903, 2.7816, 468.2802, 0.0217, 2.6580, 0.0121, 1.7189
622.203,59.55, 3.56, 486.12, 857.84, 603.44, 0.0503, 0.6589, 3.0657, 66.5183, 2.8240, 468.6452, -0.0025, 4.0965, 0.0500, 0.7755
627.336,54.33, 3.60, 485.98, 827.77, 603.65, 0.0515, 0.6581, 3.0657, 61.2845, 2.8667, 468.5022, 0.7570, 2.2368, 0.0500, 3.0000
632.148,49.12, 3.64, 485.89, 797.69, 603.90, 0.0530, 0.6575, 3.0663, 56.0532, 2.9168, 468.3965, 0.0086, 3.4499, 0.0500, 1.0201
637.257,43.92, 3.70, 485.75, 767.71, 604.28, 0.0563, 0.6599, 3.0661, 50.8175, 2.9570, 468.2468, -0.0012, 6.0920, 0.0131, 1.4627
642.099,38.69, 3.74, 485.66, 737.52, 604.49, 0.0560, 0.6588, 3.0666, 45.5920, 3.0069, 468.1537, 0.0963, -0.1429, 0.0500, 1.3811
646.788,33.53, 3.78, 485.62, 707.70, 604.74, 0.0623, 0.6588, 3.0671, 40.3625, 3.0500, 468.0931, 0.0062, 2.2452, 0.0163, 3.0000
651.471,28.29, 3.80, 485.64, 677.39, 604.85, 0.0603, 0.6566, 3.0681, 35.1447, 3.1007, 468.1178, 0.1168, 0.1306, 0.0500, 3.0000
656.498,23.11, 3.87, 485.53, 647.45, 605.26, 0.0640, 0.6589, 3.0679, 29.9205, 3.1447, 467.9944, -0.0049, 3.9708, 0.0500, 1.1482
661.570,17.92, 3.91, 485.55, 617.44, 605.47, 0.0666, 0.6585, 3.0681, 24.7041, 3.1836, 468.0004, 0.0657, 0.1649, 0.0500, 0.1000
666.816,12.71, 3.93, 485.62, 587.30, 605.63, 0.0673, 0.6568, 3.0686, 19.4872, 3.2318, 468.0705, 0.1622, 0.1136, 0.0500, 1.5209
671.852,7.57, 3.98, 485.39, 557.53, 605.90, 0.0738, 0.6571, 3.0689, 14.2647, 3.2731, 467.8125, 0.0051, 4.7808, 0.0500, 0.6008
677.113,2.35, 4.01, 485.50, 527.38, 606.10, 0.0742, 0.6562, 3.0696, 9.0479, 3.3213, 467.9152, -0.0032, 6.8747, 0.0500, 1.0317
681.695,-2.85, 4.07, 485.50, 497.24, 606.43, 0.0745, 0.6578, 3.0691, 3.8368, 3.3589, 467.9153, 0.0006, 6.6643, 0.0500, 3.0000
686.568,-8.00, 4.12, 485.29, 467.44, 606.75, 0.0803, 0.6591, 3.0696, -1.3785, 3.4016, 467.6815, 1.1230, 1.1316, 0.0500, 1.1133
691.597,-13.19, 4.14, 485.44, 437.44, 606.85, 0.0825, 0.6567, 3.0705, -6.5905, 3.4502, 467.8177, 0.0381, 0.2064, 0.0456, 0.1932
696.873,-18.36, 4.22, 485.26, 407.45, 607.31, 0.0845, 0.6603, 3.0700, -11.7902, 3.4871, 467.6287, 0.0621, 0.1719, 0.0500, 0.7871
701.631,-23.56, 4.25, 485.53, 377.44, 607.44, -0.0860, -0.6586, -3.0705, -17.0060, 3.5321, 467.8994, 0.0037, 1.8300, 0.0500, 3.0000
706.909,-28.74, 4.29, 485.58, 347.50, 607.70, -0.0883, -0.6588, -3.0700, -22.2095, 3.5736, 467.9336, -0.0085, 5.5834, 0.0500, 3.0000
711.974,-33.91, 4.32, 485.44, 317.54, 607.85, -0.0905, -0.6571, -3.0701, -27.4037, 3.6173, 467.7853, 0.8779, 2.0016, 0.0500, 0.6124
716.952,-39.10, 4.38, 485.56, 287.56, 608.23, -0.0915, -0.6594, -3.0692, -32.6093, 3.6590, 467.9071, 0.0136, 2.3601, 0.0496, 0.7289
721.961,-44.24, 4.45, 485.32, 257.73, 608.64, -0.0948, -0.6622, -3.0681, -37.7817, 3.6945, 467.6547, 0.2046, 0.1040, 0.0500, 0.6357
727.220,-49.39, 4.49, 485.19, 227.82, 608.86, -0.0971, -0.6615, -3.0677, -42.9627, 3.7395, 467.5058, 2.0151, 0.5599, 0.0500, 3.0000
842.986,105.96, -20.57, 498.36, 1110.94, 466.85, 0.0321, 0.6681, 3.0638, 113.1240, -21.3984, 480.9728, 0.0036, 2.0784, 0.0496, 0.1116
847.608,100.83, -20.55, 498.44, 1081.93, 467.02, 0.0378, 0.6682, 3.0649, 107.9278, -21.3678, 481.0241, -0.0007, 5.3074, 0.0500, 0.1000
852.652,95.63, -20.50, 498.37, 1052.74, 467.27, 0.0410, 0.6695, 3.0648, 102.6964, -21.3362, 480.9323, -0.0029, 3.5542, 0.0067, 3.0000
857.648,90.46, -20.51, 498.55, 1023.43, 467.28, 0.0421, 0.6667, 3.0653, 97.5179, -21.3131, 481.1156, 0.0651, 0.1682, 0.0500, 1.9518
862.158,85.20, -20.44, 498.09, 994.19, 467.55, 0.0452, 0.6681, 3.0655, 92.2147, -21.2588, 480.6374, -0.0009, 5.2230, 0.0149, 3.0000
866.951,80.01, -20.43, 498.31, 964.73, 467.64, 0.0433, 0.6666, 3.0660, 87.0457, -21.2324, 480.8682, -0.0019, 8.4658, 0.0500, 0.9851
871.425,74.87, -20.41, 498.50, 935.61, 467.85, 0.0484, 0.6675, 3.0664, 81.8507, -21.2129, 481.0356, 0.1153, 0.1293, 0.0500, 0.6474
876.256,69.59, -20.33, 498.17, 906.11, 468.17, 0.0465, 0.6696, 3.0661, 76.5886, -21.1617, 480.7152, 1.4653, 2.2950, 0.0498, 0.5659
880.927,64.44, -20.34, 498.35, 876.93, 468.18, 0.0504, 0.6671, 3.0672, 71.3934, -21.1376, 480.8758, 0.0586, 0.1791, 0.0500, 0.1000
885.950,59.26, -20.34, 498.59, 847.57, 468.24, 0.0505, 0.6652, 3.0675, 66.2111, -21.1164, 481.1144, 0.1592, 0.1139, 0.0079, 2.2430
890.631,54.04, -20.29, 498.39, 818.32, 468.48, 0.0537, 0.6666, 3.0681, 60.9584, -21.0743, 480.8924, 0.1098, -0.1729, 0.0500, 0.6590
895.160,48.79, -20.20, 497.94, 788.95, 468.85, 0.0544, 0.6697, 3.0673, 55.6975, -21.0297, 480.4509, 1.1612, 1.3480, 0.0500, 3.0000
900.169,43.63, -20.20, 498.25, 759.69, 468.96, 0.0573, 0.6692, 3.0678, 50.5038, -21.0142, 480.7416, 0.9630, 1.8839, 0.0500, 3.0000
905.259,38.40, -20.14, 497.93, 730.39, 469.18, 0.0592, 0.6697, 3.0681, 45.2586, -20.9651, 480.4125, -0.0000, 4.2211, 0.0053, 3.0000
911.622,33.25, -20.15, 498.28, 701.21, 469.21, 0.0638, 0.6678, 3.0688, 40.0580, -20.9531, 480.7409, 0.1582, 0.0918, 0.0500, 0.8570
916.505,28.04, -20.13, 498.21, 671.83, 469.31, -0.0642, -0.6665, -3.0692, 34.8372, -20.9155, 480.6737, 0.0669, -0.1074, 0.0500, 0.9502
921.462,22.81, -20.11, 498.08, 642.40, 469.44, -0.0641, -0.6655, -3.0693, 29.6115, -20.8754, 480.5364, 1.3745, 1.5019, 0.0500, 0.7871
926.666,17.63, -20.03, 497.86, 613.22, 469.79, -0.0680, -0.6684, -3.0680, 24.3839, -20.8369, 480.2994, 0.5308, -0.5255, 0.0001, 2.8137
931.790,12.47, -20.00, 497.95, 584.07, 470.00, -0.0725, -0.6691, -3.0675, 19.1688, -20.8172, 480.3738, 2.0656, 8.6611, 0.0500, 3.0000
936.940,7.27, -19.95, 497.64, 554.81, 470.19, -0.0746, -0.6691, -3.0670, 13.9523, -20.7696, 480.0572, -0.0059, 4.6757, 0.0500, 0.7173
942.164,2.10, -19.93, 497.64, 525.59, 470.34, -0.0779, -0.6682, -3.0665, 8.7368, -20.7342, 480.0409, 0.0293, 1.4166, 0.0474, 0.1932
946.917,-3.10, -19.91, 497.77, 496.26, 470.49, -0.0793, -0.6680, -3.0664, 3.5249, -20.7108, 480.1614, -0.0048, 7.2733, 0.0500, 3.0000
952.001,-8.30, -19.89, 497.90, 466.92, 470.60, -0.0799, -0.6668, -3.0666, -1.6833, -20.6834, 480.2945, 0.0023, 2.3883, 0.0500, 0.6357
957.078,-13.48, -19.82, 497.78, 437.69, 471.00, -0.0826, -0.6704, -3.0653, -6.8927, -20.6487, 480.1594, 0.0832, 0.1530, 0.0163, 1.0783
962.512,-18.65, -19.78, 497.68, 408.49, 471.20, -0.0852, -0.6702, -3.0646, -12.0956, -20.6081, 480.0497, 1.7997, 5.1696, 0.0001, 3.0000
967.596,-23.84, -19.78, 497.86, 379.26, 471.20, -0.0869, -0.6672, -3.0651, -17.3031, -20.5809, 480.2248, 0.0510, 0.1859, 0.0500, 0.6707
972.564,-29.02, -19.76, 497.91, 350.05, 471.35, -0.0889, -0.6665, -3.0646, -22.5063, -20.5480, 480.2631, 0.1323, 0.1237, 0.0500, 3.0000
977.300,-34.19, -19.75, 498.13, 320.94, 471.43, -0.0925, -0.6649, -3.0641, -27.7250, -20.5237, 480.4612, 0.0774, 0.1586, 0.0500, 0.6357
982.477,-39.36, -19.68, 497.96, 291.72, 471.80, -0.0934, -0.6678, -3.0635, -32.9036, -20.4875, 480.2977, 0.0397, 0.2554, 0.0500, 0.7871
987.303,-44.52, -19.62, 497.76, 262.53, 472.09, -0.0950, -0.6694, -3.0629, -38.0787, -20.4458, 480.0925, 0.2200, 0.1020, 0.0500, 3.0000
992.380,-49.66, -19.59, 497.65, 233.46, 472.24, -0.0980, -0.6685, -3.0630, -43.2531, -20.4086, 479.9635, 1.8378, 4.2876, 0.0418, 0.2048
1086.626,106.02, -44.66, 511.33, 1096.15, 337.41, 0.0348, 0.6757, 3.0622, 113.1573, -45.5756, 493.9292, 0.9420, 1.4623, 0.0500, 0.8337
1091.587,100.79, -44.61, 511.12, 1067.65, 337.63, 0.0369, 0.6762, 3.0619, 107.9068, -45.5275, 493.7170, 0.0300, 0.2220, 0.0500, 1.6373
1096.411,95.68, -44.66, 511.58, 1039.08, 337.54, 0.0387, 0.6715, 3.0632, 102.7722, -45.5282, 494.1561, 0.0014, 1.7267, 0.0500, 0.6357
1101.418,90.44, -44.60, 511.24, 1010.63, 337.73, 0.0416, 0.6709, 3.0634, 97.4990, -45.4590, 493.8034, 0.0608, 0.1733, 0.0500, 0.9036
1106.280,85.22, -44.50, 511.11, 982.06, 338.20, 0.0432, 0.6755, 3.0629, 92.2578, -45.4127, 493.6743, 0.0007, 6.3007, 0.0500, 3.0000
1111.284,80.02, -44.46, 511.09, 953.53, 338.41, 0.0455, 0.6757, 3.0638, 87.0345, -45.3677, 493.6396, 3.7361, 9.3218, 0.0500, 3.0000
1116.744,74.81, -44.42, 511.05, 924.94, 338.61, 0.0463, 0.6760, 3.0637, 81.8168, -45.3329, 493.5934, -0.0042, 5.7396, 0.0181, 1.2181
1121.570,69.61, -44.42, 511.11, 896.27, 338.67, 0.0468, 0.6741, 3.0648, 76.6042, -45.2997, 493.6566, 0.0456, 0.1935, 0.0500, 0.9502
1126.636,64.39, -44.36, 510.84, 867.83, 338.83, 0.0505, 0.6728, 3.0647, 71.3531, -45.2385, 493.3674, 0.2244, 0.0999, 0.0500, 3.0000
1131.528,59.20, -44.35, 510.89, 839.21, 338.93, 0.0518, 0.6706, 3.0654, 66.1407, -45.1990, 493.4105, 0.0618, 0.1719, 0.0500, 0.8104
1136.705,54.08, -44.36, 511.37, 810.79, 339.09, 0.0561, 0.6707, 3.0660, 60.9710, -45.2099, 493.8646, 1.2378, 1.1868, 0.0500, 3.0000
1141.880,48.81, -44.28, 511.00, 782.06, 339.35, 0.0552, 0.6714, 3.0661, 55.7154, -45.1361, 493.5073, -0.0002, 4.1786, 0.0500, 1.0667
1146.730,43.58, -44.17, 510.55, 753.49, 339.75, 0.0573, 0.6744, 3.0656, 50.4546, -45.0581, 493.0454, 0.0006, 4.7683, 0.0496, 0.5309
1151.543,38.41, -44.17, 510.71, 725.01, 339.84, 0.0610, 0.6722, 3.0664, 45.2485, -45.0308, 493.1877, 0.0527, -0.0995, 0.0500, 1.1715
1156.573,33.21, -44.11, 510.63, 696.45, 340.14, 0.0636, 0.6739, 3.0668, 40.0203, -44.9833, 493.0949, 0.4990, 10.3321, 0.0500, 1.4510
1161.812,28.00, -44.08, 510.71, 667.73, 340.32, 0.0633, 0.6735, 3.0671, 34.8072, -44.9520, 493.1816, -0.0007, 3.3898, 0.0500, 0.7755
1168.715,22.79, -43.99, 510.44, 639.18, 340.67, 0.0659, 0.6762, 3.0671, 29.5728, -44.8897, 492.8934, -0.0015, 5.6251, 0.0500, 1.6257
1176.014,17.62, -43.96, 510.54, 610.69, 340.90, 0.0693, 0.6762, 3.0671, 24.3610, -44.8603, 492.9812, 0.2224, 24.2191, 0.0500, 3.0000
1181.132,12.43, -43.90, 510.38, 582.14, 341.17, -0.0719, -0.6772, -3.0662, 19.1371, -44.8066, 492.8098, 2.7881, 7.6098, 0.0500, 3.0000
1186.106,7.24, -43.91, 510.60, 553.56, 341.20, -0.0736, -0.6738, -3.0670, 13.9290, -44.7850, 493.0234, 1.0248, 1.8494, 0.0500, 0.1000
1191.307,2.03, -43.85, 510.52, 524.93, 341.50, -0.0740, -0.6752, -3.0661, 8.7171, -44.7363, 492.9415, 0.0738, 0.1606, 0.0500, 0.8803
1196.383,-3.14, -43.78, 510.38, 496.46, 341.84, -0.0778, -0.6774, -3.0653, 3.5009, -44.6910, 492.7812, 0.0075, 1.1680, 0.0470, 0.1000
1201.368,-8.33, -43.77, 510.49, 467.91, 341.93, -0.0798, -0.6747, -3.0654, -1.7110, -44.6535, 492.8856, 0.0095, 3.9960, 0.0077, 2.0450
1206.365,-13.50, -43.70, 510.28, 439.43, 342.22, -0.0823, -0.6756, -3.0651, -6.9099, -44.5945, 492.6664, -0.0038, 4.3465, 0.0500, 0.6474
1211.897,-18.70, -43.68, 510.44, 410.85, 342.41, -0.0832, -0.6750, -3.0647, -12.1204, -44.5655, 492.8215, 0.0970, 0.1439, 0.0001, 3.0000
1217.716,-23.88, -43.66, 510.57, 382.38, 342.58, -0.0857, -0.6737, -3.0647, -17.3287, -44.5332, 492.9379, 1.6714, 0.7666, 0.0500, 0.1000
1222.835,-29.01, -43.54, 510.06, 354.02, 343.01, -0.0899, -0.6761, -3.0637, -22.5020, -44.4410, 492.4121, 1.4167, 0.9771, 0.0500, 0.7871
1227.724,-34.25, -43.55, 510.47, 325.32, 343.11, -0.0884, -0.6742, -3.0641, -27.7245, -44.4354, 492.8306, 0.0011, 7.3810, 0.0500, 0.1000
1232.756,-39.44, -43.56, 510.74, 296.86, 343.20, -0.0903, -0.6716, -3.0636, -32.9424, -44.4094, 493.0914, 0.0006, 3.2513, 0.0500, 0.1116
1237.884,-44.53, -43.42, 510.15, 268.58, 343.68, -0.0959, -0.6751, -3.0618, -38.0964, -44.3150, 492.4739, 0.0016, 5.9734, 0.0113, 2.5574
1243.291,-49.74, -43.40, 510.22, 239.91, 343.84, -0.0934, -0.6734, -3.0633, -43.2805, -44.2745, 492.5536, 0.0008, 2.2395, 0.0500, 0.1000
1354.946,106.42, -68.72, 524.26, 1083.94, 214.52, 0.0321, 0.6811, 3.0613, 113.5887, -69.6887, 506.8744, -0.0026, 4.6519, 0.0370, 1.6606
1364.281,101.25, -68.70, 524.26, 1056.21, 214.64, 0.0353, 0.6807, 3.0618, 108.3765, -69.6612, 506.8568, -0.0008, 6.1127, 0.0500, 3.0000
1368.843,96.04, -68.66, 524.12, 1028.46, 214.77, 0.0387, 0.6803, 3.0624, 103.1334, -69.6129, 506.7045, -0.0021, 2.8355, 0.0001, 3.0000
1373.520,90.86, -68.61, 524.05, 1000.74, 214.98, 0.0428, 0.6815, 3.0625, 97.9015, -69.5781, 506.6170, 0.0620, 0.1719, 0.0500, 0.7639
1378.640,85.67, -68.61, 524.14, 972.86, 215.03, 0.0446, 0.6794, 3.0635, 92.6935, -69.5514, 506.6959, -0.0085, 4.6555, 0.0500, 0.6474
1383.156,80.47, -68.57, 524.15, 944.96, 215.25, 0.0457, 0.6799, 3.0642, 87.4740, -69.5129, 506.6961, -0.0006, 4.3094, 0.0482, 0.1000
1387.976,75.16, -68.45, 523.60, 916.93, 215.49, 0.0449, 0.6803, 3.0637, 82.1748, -69.4039, 506.1528, 1.2958, 0.9768, 0.0500, 3.0000
1392.841,69.97, -68.41, 523.54, 889.12, 215.67, 0.0477, 0.6809, 3.0640, 76.9519, -69.3689, 506.0857, -0.0027, 3.6082, 0.0500, 0.6357
1397.918,64.78, -68.42, 523.75, 861.19, 215.79, 0.0486, 0.6802, 3.0644, 71.7603, -69.3629, 506.2923, -0.0064, 7.4317, 0.0500, 1.0667
1403.681,59.64, -68.40, 523.76, 833.57, 215.90, 0.0556, 0.6783, 3.0651, 66.5348, -69.3260, 506.2682, 1.3026, 1.2052, 0.0500, 0.6590
1408.715,54.40, -68.27, 523.29, 805.77, 216.28, 0.0589, 0.6819, 3.0650, 61.2616, -69.2298, 505.7781, 0.0373, 0.2069, 0.0500, 0.8221
1413.391,49.19, -68.28, 523.55, 777.66, 216.39, 0.0566, 0.6804, 3.0655, 56.0747, -69.2235, 506.0487, -0.0012, 2.1263, 0.0500, 0.6008
1418.390,43.98, -68.32, 523.87, 749.55, 216.42, 0.0545, 0.6780, 3.0661, 50.8862, -69.2305, 506.3806, 0.1519, 0.1189, 0.0207, 3.0000
1423.282,38.76, -68.16, 523.37, 721.76, 216.93, 0.0579, 0.6840, 3.0652, 45.6274, -69.1367, 505.8696, 1.9271, 5.4886, 0.0382, 3.0000
1428.297,33.57, -68.09, 523.18, 693.98, 217.17, -0.0620, -0.6847, -3.0651, 40.3905, -69.0737, 505.6609, -0.0045, 5.3771, 0.0057, 2.2313
1433.383,28.39, -68.08, 523.23, 666.16, 217.23, -0.0651, -0.6821, -3.0657, 35.1778, -69.0425, 505.6956, 0.1331, 0.1249, 0.0500, 3.0000
1438.568,23.20, -68.08, 523.33, 638.30, 217.32, -0.0680, -0.6804, -3.0656, 29.9590, -69.0193, 505.7776, -0.0003, 3.6040, 0.0025, 3.0000
1444.228,17.98, -68.02, 523.09, 610.32, 217.49, -0.0681, -0.6791, -3.0656, 24.7356, -68.9431, 505.5413, 0.0017, 3.6966, 0.0500, 1.0317
1449.815,12.80, -68.02, 523.35, 582.46, 217.63, -0.0705, -0.6777, -3.0655, 19.5271, -68.9345, 505.7900, 1.9832, 0.4036, 0.0500, 0.9036
1455.307,7.62, -67.92, 523.10, 554.68, 218.04, -0.0740, -0.6811, -3.0642, 14.3054, -68.8659, 505.5190, -0.0069, 5.7781, 0.0500, 1.0900
1460.716,2.43, -67.96, 523.44, 526.79, 218.04, -0.0755, -0.6776, -3.0647, 9.0972, -68.8706, 505.8580, 0.0437, 0.1965, 0.0276, 1.0667
1469.485,-2.80, -67.91, 523.42, 498.75, 218.30, -0.0741, -0.6781, -3.0645, 3.8853, -68.8234, 505.8436, 0.0567, 0.1796, 0.0500, 0.8920
1475.716,-7.95, -67.85, 523.27, 471.07, 218.49, -0.0794, -0.6777, -3.0637, -1.3296, -68.7634, 505.6645, 1.5293, 0.8547, 0.0500, 1.1598
1481.088,-13.16, -67.79, 523.17, 443.08, 218.77, -0.0782, -0.6784, -3.0632, -6.5314, -68.7052, 505.5755, 0.0336, 0.2153, 0.0500, 0.7522
1486.016,-18.33, -67.73, 523.09, 415.33, 219.05, -0.0814, -0.6795, -3.0625, -11.7327, -68.6577, 505.4815, 2.1421, 0.0217, 0.0500, 3.0000
1491.041,-23.50, -67.67, 522.97, 387.52, 219.29, -0.0836, -0.6795, -3.0623, -16.9314, -68.5984, 505.3546, 0.0661, 0.1671, 0.0500, 0.7639
1496.249,-28.68, -67.64, 523.08, 359.75, 219.51, -0.0863, -0.6790, -3.0616, -22.1399, -68.5648, 505.4441, -0.0042, 3.5044, 0.0063, 2.6506
1501.392,-33.85, -67.62, 523.13, 331.99, 219.62, -0.0891, -0.6771, -3.0614, -27.3468, -68.5294, 505.4859, 2.2815, 6.5682, 0.0029, 2.7088
1506.549,-39.00, -67.47, 522.60, 304.13, 220.10, -0.0896, -0.6813, -3.0607, -32.5005, -68.4225, 504.9576, -0.0055, 5.1460, 0.0025, 3.0000
1511.526,-44.23, -67.49, 522.99, 276.21, 220.22, -0.0895, -0.6798, -3.0609, -37.7256, -68.4312, 505.3429, -0.0023, 4.9626, 0.0500, 3.0000
1516.483,-49.39, -67.39, 522.75, 248.37, 220.60, -0.0898, -0.6824, -3.0602, -42.8919, -68.3591, 505.1079, -0.0031, 2.8976, 0.0500, 1.1016
1647.640,107.39, -93.14, 537.96, 1074.50, 96.37, 0.0254, 0.6849, 3.0632, 114.6264, -94.1148, 520.5993, -0.0005, 4.1647, 0.0500, 3.0000
1652.625,102.09, -93.00, 537.26, 1047.47, 96.44, 0.0291, 0.6852, 3.0637, 109.2754, -93.9813, 519.8855, -0.7551, 0.8164, 0.0500, 0.8104
1658.322,96.97, -93.06, 537.52, 1020.48, 96.39, 0.0334, 0.6837, 3.0645, 104.1127, -94.0195, 520.1283, 1.2001, 1.2808, 0.0500, 1.1016
1663.114,91.74, -92.96, 537.15, 993.46, 96.57, 0.0382, 0.6857, 3.0646, 98.8230, -93.9406, 519.7294, 0.0932, 0.1457, 0.0025, 3.0000
1669.580,86.55, -92.93, 537.09, 966.38, 96.67, 0.0416, 0.6859, 3.0644, 93.5978, -93.9193, 519.6542, 0.1018, 0.1379, 0.0083, 2.4992
1675.262,81.35, -92.86, 536.79, 939.42, 96.73, -0.0475, -0.6855, -3.0655, 88.3285, -93.8465, 519.3288, 1.7335, -0.1074, 0.0067, 2.8486
1680.856,76.14, -92.87, 536.91, 912.06, 96.80, 0.0462, 0.6848, 3.0654, 83.1341, -93.8488, 519.4600, 0.1692, 0.1073, 0.0500, 1.1715
1686.206,70.93, -92.80, 536.77, 884.92, 97.07, -0.0496, -0.6875, -3.0645, 77.8873, -93.8024, 519.3036, -0.0035, 7.1347, 0.0500, 3.0000
1691.400,65.73, -92.80, 536.70, 857.77, 97.00, -0.0526, -0.6844, -3.0654, 72.6587, -93.7719, 519.2203, -0.0030, 3.9224, 0.0500, 0.7173
1696.583,60.53, -92.82, 536.70, 830.52, 96.89, -0.0537, -0.6802, -3.0661, 67.4383, -93.7444, 519.2114, 0.0914, -0.1308, 0.0500, 0.8803
1701.574,55.28, -92.77, 536.57, 803.13, 97.01, -0.0528, -0.6802, -3.0656, 62.2009, -93.6968, 519.0865, -0.0021, 6.3490, 0.0496, 0.1000
1706.720,50.06, -92.68, 536.27, 775.96, 97.26, -0.0554, -0.6818, -3.0643, 56.9502, -93.6152, 518.7747, 0.0907, -0.1814, 0.0085, 3.0000
1711.687,44.86, -92.54, 535.89, 748.88, 97.60, -0.0603, -0.6855, -3.0624, 51.6907, -93.5269, 518.3715, -0.0052, -3.3617, 0.0500, 0.9618
1717.036,39.70, -92.58, 536.27, 721.67, 97.76, -0.0623, -0.6865, -3.0623, 46.5063, -93.5774, 518.7500, 1.3521, 0.9065, 0.0500, 1.3229
1722.153,34.50, -92.60, 536.49, 694.37, 97.87, -0.0630, -0.6870, -3.0620, 41.2997, -93.5978, 518.9640, -0.0013, 6.2800, 0.0374, 0.2048
1727.048,29.31, -92.60, 536.56, 667.18, 97.90, -0.0651, -0.6853, -3.0628, 36.0886, -93.5886, 519.0197, 0.0399, 0.6106, 0.0500, 0.1233
1732.127,24.13, -92.60, 536.58, 640.04, 97.94, -0.0686, -0.6834, -3.0627, 30.8664, -93.5645, 519.0306, 0.0082, 1.3513, 0.0500, 0.7056
1737.068,18.90, -92.57, 536.49, 612.73, 97.98, -0.0687, -0.6813, -3.0624, 25.6417, -93.5135, 518.9334, 0.0318, 0.2184, 0.0500, 0.7056
1741.888,13.69, -92.55, 536.43, 585.45, 98.08, -0.0695, -0.6802, -3.0624, 20.4201, -93.4726, 518.8661, 0.0117, 2.0602, 0.0500, 0.1000
1746.826,8.48, -92.56, 536.60, 558.15, 98.15, -0.0700, -0.6787, -3.0622, 15.2016, -93.4693, 519.0329, 0.0966, 0.1418, 0.0500, 0.6357
1751.503,3.30, -92.48, 536.36, 531.02, 98.38, -0.0735, -0.6798, -3.0611, 9.9765, -93.3974, 518.7845, 1.1620, 1.3975, 0.0500, 1.2763
1756.354,-1.89, -92.47, 536.49, 503.85, 98.54, -0.0755, -0.6796, -3.0612, 4.7650, -93.3886, 518.8971, 0.1643, 0.1139, 0.0500, 0.6357
1761.085,-7.12, -92.42, 536.42, 476.46, 98.75, -0.0735, -0.6803, -3.0606, -0.4443, -93.3396, 518.8391, -0.0002, 4.8000, 0.0478, 0.1116
1765.841,-12.32, -92.34, 536.23, 449.20, 98.96, -0.0736, -0.6813, -3.0598, -5.6496, -93.2756, 518.6451, 1.8609, 0.8925, 0.0500, 3.0000
1770.822,-17.51, -92.34, 536.27, 422.03, 99.02, -0.0757, -0.6797, -3.0593, -10.8617, -93.2519, 518.6825, 0.0918, 0.1461, 0.0272, 0.9036
1775.539,-22.70, -92.30, 536.29, 394.87, 99.23, -0.0776, -0.6804, -3.0587, -16.0714, -93.2255, 518.6942, -0.0017, 3.9881, 0.0500, 1.4161
1780.636,-27.86, -92.19, 535.98, 367.77, 99.52, -0.0807, -0.6823, -3.0581, -21.2640, -93.1412, 518.3715, 0.0374, 0.2073, 0.0500, 1.2181
1786.022,-33.02, -92.11, 535.73, 340.62, 99.76, -0.0825, -0.6830, -3.0576, -26.4504, -93.0605, 518.1153, 2.3251, -0.7287, 0.0500, 1.1133
1791.304,-38.18, -92.11, 535.83, 313.62, 99.84, -0.0869, -0.6818, -3.0580, -31.6551, -93.0530, 518.1943, -0.0010, 3.7767, 0.0500, 0.6707
1796.414,-43.35, -92.11, 535.92, 286.53, 99.90, -0.0893, -0.6798, -3.0578, -36.8592, -93.0340, 518.2731, 0.0739, 0.1544, 0.0500, 0.6823
1801.675,-48.59, -92.09, 536.12, 259.20, 100.17, -0.0875, -0.6814, -3.0574, -42.0716, -93.0351, 518.4841, 0.7810, 1.9398, 0.0356, 1.8586
