X-position, Y-position, Z-position, X-pixel, Y-pixel, mua, mus, muaLUT, musLUT
45.28, -0.30, 4111.43,, 814.24, 355.22, 0.0119, 0.5809, 0.0113, 0.6008
44.79, 0.23, 4099.18,, 812.91, 357.09, 0.0117, 0.5798, 0.0117, 0.5775
44.28, 1.03, 4100.86,, 810.96, 359.88, 0.0117, 0.5593, 0.0115, 0.5659
44.52, 5.95, 4046.33,, 814.09, 377.34, 0.0115, 0.5771, 0.0117, 0.5659
43.88, 7.44, 4035.12,, 812.14, 382.69, 0.0117, 0.5578, 0.0115, 0.5659
42.63, 14.28, 3990.72,, 809.18, 407.55, 0.0123, 0.5487, 0.0121, 0.5542
42.26, 17.71, 3964.76,, 808.80, 420.30, 0.0126, 0.5565, 0.0123, 0.5659
42.08, 18.79, 3948.35,, 808.77, 424.47, 0.0128, 0.5493, 0.0123, 0.5659
40.51, 23.13, 3926.82,, 803.51, 440.71, 0.0129, 0.5470, 0.0123, 0.5659
38.40, 28.53, 3883.08,, 796.94, 461.59, 0.0122, 0.5594, 0.0123, 0.5542
36.24, 33.19, 3851.61,, 789.56, 479.77, 0.0117, 0.5716, 0.0115, 0.5775
33.57, 37.59, 3820.16,, 780.00, 497.30, 0.0116, 0.5760, 0.0115, 0.5775
31.08, 37.37, 3832.57,, 769.57, 496.04, 0.0116, 0.5764, 0.0115, 0.5775
13.60, 35.60, 3851.80,, 699.05, 488.73, 0.0116, 0.5784, 0.0113, 0.5892
10.80, 35.08, 3856.55,, 687.80, 486.66, 0.0115, 0.5893, 0.0115, 0.5892
-0.71, 33.49, 3865.57,, 641.89, 480.46, 0.0117, 0.5825, 0.0111, 0.6008
-4.76, 33.14, 3875.58,, 625.80, 478.83, 0.0112, 0.5903, 0.0109, 0.6008
-10.76, 32.52, 3866.19,, 601.83, 476.84, 0.0111, 0.5974, 0.0109, 0.6008
-10.93, 32.56, 3875.79,, 601.28, 476.67, 0.0111, 0.5950, 0.0109, 0.6008
-28.79, 30.94, 3827.92,, 528.91, 472.10, 0.0110, 0.5977, 0.0109, 0.6008
-49.69, 29.87, 3804.86,, 443.62, 468.79, 0.0109, 0.6097, 0.0111, 0.6008
-59.00, 29.80, 3821.82,, 407.00, 468.04, 0.0122, 0.5769, 0.0121, 0.5775
-53.90, 24.95, 3890.07,, 431.38, 448.22, 0.0116, 0.5956, 0.0117, 0.5892
-44.49, 16.13, 3976.68,, 472.45, 414.41, 0.0115, 0.5806, 0.0113, 0.5892
-43.98, 14.79, 3991.32,, 475.06, 409.40, 0.0113, 0.5922, 0.0111, 0.6008
-39.44, 7.45, 4059.58,, 495.11, 382.57, 0.0114, 0.5738, 0.0109, 0.5892
-35.46, 3.62, 4084.26,, 511.03, 368.96, 0.0113, 0.5901, 0.0113, 0.5892
-34.01, 5.45, 4066.57,, 515.92, 375.47, 0.0110, 0.5757, 0.0109, 0.5775
-30.22, 11.80, 4025.93,, 529.13, 398.29, 0.0112, 0.5772, 0.0109, 0.5892
-29.79, 15.69, 3993.21,, 529.84, 412.57, 0.0111, 0.5894, 0.0111, 0.5892
-29.60, 19.85, 3960.08,, 529.64, 428.10, 0.0112, 0.5806, 0.0109, 0.5892
nan, nan, nan,, nan, nan, 0.0110, 0.5875, 0.0109, 0.5892
-28.54, 27.15, 3906.51,, 532.23, 455.88, 0.0112, 0.5813, 0.0109, 0.5892
-28.72, 26.76, 3906.47,, 531.52, 454.45, 0.0112, 0.5883, 0.0111, 0.5892
-57.51, 35.12, 3780.42,, 410.48, 489.43, 0.0116, 0.5633, 0.0115, 0.5659
-57.58, 35.19, 3779.81,, 410.14, 489.70, 0.0118, 0.5535, 0.0117, 0.5542
-57.41, 35.13, 3776.78,, 410.67, 489.60, 0.0119, 0.5517, 0.0115, 0.5659
-57.58, 35.13, 3782.31,, 410.30, 489.40, 0.0117, 0.5558, 0.0115, 0.5659
-57.57, 35.12, 3782.59,, 410.36, 489.34, 0.0115, 0.5668, 0.0115, 0.5659
-57.56, 35.14, 3780.67,, 410.30, 489.47, 0.0116, 0.5632, 0.0115, 0.5659
-57.48, 35.12, 3778.23,, 410.49, 489.49, 0.0117, 0.5603, 0.0115, 0.5659
-57.55, 35.12, 3781.57,, 410.41, 489.39, 0.0117, 0.5622, 0.0115, 0.5659
-57.48, 35.15, 3778.10,, 410.46, 489.59, 0.0117, 0.5600, 0.0115, 0.5659
-57.43, 35.12, 3777.93,, 410.66, 489.51, 0.0116, 0.5620, 0.0115, 0.5659
19.96, 3.38, 4096.83,, 719.71, 368.10, 0.0136, 0.5141, 0.0131, 0.5309
19.95, 5.94, 4076.47,, 720.03, 377.15, 0.0136, 0.5124, 0.0131, 0.5309
20.59, 13.32, 4018.28,, 723.59, 403.79, 0.0160, 0.4665, 0.0155, 0.4843
20.97, 17.32, 3986.85,, 725.67, 418.53, 0.0184, 0.4482, 0.0177, 0.4727
21.07, 20.95, 3961.60,, 726.56, 432.07, 0.0184, 0.4395, 0.0175, 0.4727
21.17, 23.61, 3938.87,, 727.44, 442.19, 0.0161, 0.4781, 0.0155, 0.4960
21.46, 26.74, 3911.40,, 729.15, 454.25, 0.0148, 0.4950, 0.0141, 0.5193
21.91, 27.08, 3917.35,, 730.80, 455.36, 0.0139, 0.5197, 0.0133, 0.5426
21.95, 26.93, 3913.91,, 731.06, 454.88, 0.0137, 0.5198, 0.0133, 0.5309
22.05, 26.82, 3918.47,, 731.33, 454.39, 0.0138, 0.5150, 0.0133, 0.5309
22.88, 25.16, 3929.34,, 734.34, 448.02, 0.0141, 0.5010, 0.0133, 0.5309
24.59, 21.01, 3956.75,, 740.36, 432.38, 0.0148, 0.4893, 0.0143, 0.5076
25.69, 18.27, 3978.83,, 744.12, 422.10, 0.0167, 0.4674, 0.0161, 0.4843
26.92, 15.06, 4003.82,, 748.21, 410.20, 0.0188, 0.4423, 0.0179, 0.4727
28.08, 11.92, 4024.52,, 752.13, 398.74, 0.0194, 0.4318, 0.0185, 0.4610
28.77, 9.72, 4043.03,, 754.27, 390.73, 0.0185, 0.4471, 0.0177, 0.4727
29.93, 5.03, 4080.96,, 757.62, 373.94, 0.0181, 0.4413, 0.0169, 0.4843
30.08, 1.04, 4104.97,, 757.52, 359.91, 0.0145, 0.5180, 0.0141, 0.5309
26.28, -3.35, 4150.13,, 742.20, 344.71, 0.0131, 0.5312, 0.0125, 0.5542
24.08, -3.15, 4146.14,, 734.12, 345.40, 0.0120, 0.5522, 0.0117, 0.5659
10.46, -2.45, 4148.94,, 683.53, 347.82, 0.0122, 0.5577, 0.0119, 0.5659
8.31, -1.96, 4148.24,, 675.55, 349.49, 0.0119, 0.5696, 0.0117, 0.5775
nan, nan, nan,, nan, nan, 0.0114, 0.5907, 0.0117, 0.5775
nan, nan, nan,, nan, nan, 0.0120, 0.5611, 0.0115, 0.5775
7.00, 10.84, 4048.47,, 671.30, 394.66, 0.0123, 0.5480, 0.0117, 0.5659
6.39, 13.75, 4017.64,, 669.20, 405.31, 0.0124, 0.5358, 0.0119, 0.5542
5.58, 17.46, 3980.24,, 666.28, 419.16, 0.0126, 0.5025, 0.0121, 0.5193
4.62, 21.82, 3949.36,, 662.72, 435.46, 0.0117, 0.5618, 0.0119, 0.5542
3.75, 23.18, 3949.30,, 659.33, 440.41, 0.0116, 0.5631, 0.0115, 0.5659
-4.63, 22.80, 3955.37,, 626.67, 438.89, 0.0115, 0.5637, 0.0111, 0.5775
-5.13, 20.07, 3971.05,, 624.82, 428.72, 0.0115, 0.5741, 0.0111, 0.5892
-5.03, 16.62, 3998.16,, 625.35, 415.84, 0.0117, 0.5752, 0.0113, 0.5892
-4.32, 11.32, 4043.83,, 628.23, 396.41, 0.0110, 0.5974, 0.0109, 0.6008
-3.53, 5.54, 4087.43,, 631.39, 375.71, 0.0113, 0.5737, 0.0111, 0.5775
-3.05, -0.56, 4140.22,, 633.36, 354.35, 0.0110, 0.5891, 0.0113, 0.5775
-6.59, -1.63, 4148.01,, 620.23, 350.66, 0.0112, 0.5917, 0.0113, 0.5892
-12.17, -1.28, 4142.35,, 599.47, 351.85, 0.0111, 0.5943, 0.0109, 0.6008
-13.19, 1.17, 4116.24,, 595.37, 360.36, 0.0109, 0.6026, 0.0113, 0.5892
-15.60, 6.23, 4074.72,, 585.74, 378.18, 0.0112, 0.5840, 0.0113, 0.5775
-16.39, 10.41, 4031.43,, 582.11, 393.29, 0.0112, 0.5772, 0.0109, 0.5892
-16.76, 15.49, 3997.83,, 580.15, 411.81, 0.0111, 0.5701, 0.0109, 0.5775
-17.14, 20.76, 3947.98,, 577.86, 431.65, 0.0110, 0.5828, 0.0111, 0.5775
-17.44, 25.72, 3904.80,, 575.93, 450.68, 0.0110, 0.5734, 0.0109, 0.5775
-18.62, 30.51, 3867.68,, 570.57, 469.34, 0.0106, 0.5948, 0.0107, 0.5892
-26.39, 27.48, 3895.93,, 540.41, 457.36, 0.0108, 0.5842, 0.0107, 0.5892
-26.64, 19.17, 3968.14,, 541.35, 425.50, 0.0109, 0.5877, 0.0109, 0.5892
-24.68, 10.19, 4035.16,, 550.54, 392.48, 0.0114, 0.5697, 0.0111, 0.5775
-24.05, 3.81, 4095.91,, 554.30, 369.60, 0.0107, 0.5938, 0.0109, 0.5892
-31.48, -1.74, 4109.10,, 526.74, 350.20, 0.0109, 0.5817, 0.0107, 0.5892
-33.51, 0.92, 4092.44,, 518.65, 359.49, 0.0110, 0.5904, 0.0113, 0.5775
-35.88, 6.50, 4041.35,, 508.02, 379.32, 0.0113, 0.5655, 0.0109, 0.5775
-39.90, 20.49, 3912.43,, 487.70, 431.34, 0.0109, 0.5662, 0.0109, 0.5659
-39.61, 28.27, 3861.86,, 486.80, 461.19, 0.0110, 0.5628, 0.0109, 0.5659
-37.54, 36.14, 3793.30,, 492.34, 492.82, 0.0113, 0.5647, 0.0109, 0.5775
-34.38, 43.41, 3744.44,, 503.36, 522.42, 0.0114, 0.5693, 0.0111, 0.5775
-27.07, 46.51, 3722.28,, 532.72, 535.36, 0.0130, 0.5368, 0.0125, 0.5542
-18.53, 47.94, 3736.03,, 568.33, 540.18, 0.0133, 0.5330, 0.0131, 0.5426
-7.01, 48.12, 3737.59,, 615.81, 540.80, 0.0150, 0.4839, 0.0143, 0.5076
4.98, 48.15, 3743.96,, 665.18, 540.57, 0.0137, 0.5530, 0.0073, 0.1582
20.86, 48.16, 3721.09,, 731.01, 541.76, 0.0164, 0.4762, 0.0159, 0.4960
31.08, 48.55, 3701.49,, 773.97, 544.27, 0.0180, 0.4539, 0.0175, 0.4727
37.44, 48.10, 3704.45,, 800.29, 542.37, 0.0203, 0.4037, 0.0191, 0.4494
42.59, 44.18, 3728.62,, 820.54, 526.09, 0.0172, 0.4581, 0.0165, 0.4843
46.53, 37.94, 3775.28,, 834.46, 500.31, 0.0129, 0.5427, 0.0125, 0.5542
47.44, 35.22, 3808.42,, 836.50, 488.82, 0.0124, 0.5515, 0.0117, 0.5775
47.82, 31.23, 3842.27,, 836.30, 472.75, 0.0120, 0.5619, 0.0119, 0.5659
48.60, 27.05, 3878.57,, 837.62, 456.24, 0.0119, 0.5723, 0.0117, 0.5775
50.06, 23.82, 3907.32,, 841.94, 443.63, 0.0118, 0.5675, 0.0115, 0.5775
52.09, 18.29, 3951.27,, 847.68, 422.62, 0.0119, 0.5579, 0.0117, 0.5659
53.06, 12.29, 3998.52,, 849.00, 400.34, 0.0121, 0.5456, 0.0119, 0.5542
53.41, 5.32, 4051.59,, 847.65, 375.08, 0.0133, 0.5158, 0.0123, 0.5542
53.51, 2.15, 4083.78,, 846.45, 363.81, 0.0121, 0.5513, 0.0119, 0.5542
53.74, -4.54, 4135.07,, 844.78, 340.53, 0.0118, 0.5616, 0.0119, 0.5542
53.68, -3.37, 4113.17,, 845.62, 344.54, 0.0123, 0.5480, 0.0121, 0.5542
57.67, 8.98, 3965.72,, 868.61, 388.74, 0.0120, 0.5470, 0.0117, 0.5542
45.40, 41.91, 3753.84,, 830.90, 516.28, 0.0131, 0.5526, 0.0127, 0.5659
45.50, 41.94, 3759.25,, 831.05, 516.15, 0.0131, 0.5482, 0.0129, 0.5542
45.28, 41.88, 3751.79,, 830.53, 516.25, 0.0129, 0.5593, 0.0127, 0.5659
45.24, 41.92, 3748.96,, 830.50, 516.53, 0.0131, 0.5544, 0.0127, 0.5659
45.39, 41.84, 3758.42,, 830.62, 515.83, 0.0134, 0.5391, 0.0129, 0.5542
37.28, 40.54, 3793.44,, 796.01, 509.45, 0.0130, 0.5518, 0.0125, 0.5659
30.06, 40.96, 3781.91,, 767.07, 511.51, 0.0125, 0.5789, 0.0121, 0.5892
30.43, 41.36, 3783.08,, 768.56, 512.96, 0.0126, 0.5780, 0.0123, 0.5892
30.89, 41.77, 3781.99,, 770.45, 514.56, 0.0125, 0.5710, 0.0123, 0.5775
31.02, 41.69, 3779.35,, 771.08, 514.37, 0.0126, 0.5742, 0.0125, 0.5775
32.37, 41.89, 3758.16,, 777.30, 516.02, 0.0125, 0.5689, 0.0123, 0.5775
35.15, 42.44, 3764.29,, 788.45, 517.86, 0.0131, 0.5574, 0.0125, 0.5775
35.22, 42.48, 3771.70,, 788.45, 517.68, 0.0132, 0.5528, 0.0125, 0.5775
35.07, 42.38, 3769.12,, 787.95, 517.41, 0.0130, 0.5628, 0.0129, 0.5659
29.55, 42.58, 3788.90,, 764.79, 517.34, 0.0135, 0.5531, 0.0131, 0.5659
23.28, 42.84, 3788.56,, 739.32, 518.33, 0.0131, 0.5506, 0.0127, 0.5659
23.18, 42.91, 3783.73,, 739.01, 518.81, 0.0130, 0.5608, 0.0125, 0.5775
23.22, 43.01, 3785.32,, 739.15, 519.11, 0.0130, 0.5618, 0.0125, 0.5775
19.46, 42.91, 3785.56,, 723.83, 518.73, 0.0129, 0.5642, 0.0125, 0.5775
19.48, 42.81, 3787.87,, 723.88, 518.26, 0.0128, 0.5658, 0.0125, 0.5775
15.04, 43.00, 3787.96,, 705.81, 518.96, 0.0127, 0.5642, 0.0123, 0.5775
14.96, 43.05, 3786.73,, 705.51, 519.22, 0.0128, 0.5615, 0.0123, 0.5775
9.96, 43.04, 3785.90,, 685.22, 519.21, 0.0126, 0.5674, 0.0123, 0.5775
7.61, 42.91, 3786.90,, 675.64, 518.66, 0.0126, 0.5625, 0.0125, 0.5659
5.57, 42.95, 3785.02,, 667.34, 518.91, 0.0125, 0.5580, 0.0125, 0.5542
2.98, 43.01, 3779.84,, 656.85, 519.35, 0.0123, 0.5664, 0.0123, 0.5659
-1.45, 43.08, 3778.78,, 638.80, 519.65, 0.0125, 0.5648, 0.0125, 0.5659
-6.81, 43.09, 3786.18,, 617.00, 519.39, 0.0127, 0.5443, 0.0121, 0.5659
-7.21, 43.29, 3791.90,, 615.41, 519.90, 0.0125, 0.5501, 0.0121, 0.5659
-7.13, 43.28, 3785.45,, 615.72, 520.12, 0.0125, 0.5567, 0.0123, 0.5659
-7.04, 43.30, 3783.96,, 616.03, 520.25, 0.0125, 0.5602, 0.0123, 0.5659
-6.79, 43.27, 3781.38,, 617.06, 520.26, 0.0126, 0.5583, 0.0121, 0.5775
57.42, 41.92, 3728.88,, 881.77, 517.40, 0.0141, 0.5320, 0.0135, 0.5542
56.67, 38.04, 3767.17,, 876.29, 500.98, 0.0140, 0.5307, 0.0133, 0.5542
55.43, 32.33, 3820.37,, 868.06, 477.56, 0.0125, 0.5547, 0.0119, 0.5775
55.59, 28.00, 3857.87,, 866.53, 460.30, 0.0126, 0.5556, 0.0123, 0.5659
55.57, 24.70, 3888.66,, 864.72, 447.32, 0.0123, 0.5696, 0.0123, 0.5659
55.56, 21.77, 3910.71,, 863.42, 436.08, 0.0123, 0.5684, 0.0123, 0.5659
55.67, 17.54, 3950.78,, 861.65, 419.89, 0.0129, 0.5433, 0.0125, 0.5542
56.39, 12.52, 3991.10,, 862.23, 401.25, 0.0121, 0.5835, 0.0129, 0.5542
57.16, 7.91, 4029.93,, 863.07, 384.41, 0.0129, 0.5441, 0.0129, 0.5426
55.84, 3.19, 4069.06,, 855.96, 367.50, 0.0136, 0.5253, 0.0131, 0.5426
53.61, -0.38, 4097.58,, 846.14, 354.94, 0.0126, 0.5448, 0.0123, 0.5542
45.87, -2.21, 4125.25,, 815.91, 348.61, 0.0120, 0.5845, 0.0119, 0.5892
45.85, -2.13, 4124.33,, 815.87, 348.86, 0.0118, 0.5943, 0.0119, 0.5892
45.68, -2.19, 4121.02,, 815.36, 348.67, 0.0122, 0.5806, 0.0119, 0.5892
35.28, -4.30, 4151.74,, 775.54, 341.43, 0.0121, 0.5747, 0.0117, 0.5892
27.51, -6.61, 4185.08,, 745.90, 333.64, 0.0124, 0.5654, 0.0121, 0.5775
15.31, -7.99, 4193.98,, 700.91, 328.98, 0.0118, 0.5795, 0.0119, 0.5775
10.62, -8.46, 4204.74,, 683.60, 327.43, 0.0124, 0.5624, 0.0117, 0.5892
4.12, -8.99, 4205.02,, 659.78, 325.64, 0.0121, 0.5796, 0.0115, 0.6008
-2.65, -9.28, 4214.69,, 635.01, 324.72, 0.0123, 0.5795, 0.0117, 0.6008
-13.14, -8.81, 4199.32,, 596.54, 326.20, 0.0122, 0.5849, 0.0117, 0.6008
-23.39, -8.31, 4177.40,, 558.50, 327.77, 0.0119, 0.5998, 0.0115, 0.6124
-35.21, -8.25, 4145.69,, 513.93, 327.76, 0.0121, 0.5915, 0.0115, 0.6124
-50.37, -8.13, 4162.52,, 458.41, 328.29, 0.0121, 0.5866, 0.0117, 0.6008
-50.25, -8.22, 4163.52,, 458.88, 327.99, 0.0121, 0.5876, 0.0117, 0.6008
52.28, -8.96, 4171.14,, 837.67, 325.47, 0.0122, 0.5736, 0.0121, 0.5775
50.33, -8.48, 4162.58,, 830.85, 327.09, 0.0120, 0.5776, 0.0119, 0.5775
49.08, -8.62, 4172.37,, 825.81, 326.68, 0.0124, 0.5645, 0.0117, 0.5892
46.50, -8.73, 4181.81,, 815.89, 326.37, 0.0122, 0.5701, 0.0119, 0.5775
36.72, -8.82, 4191.92,, 779.56, 326.13, 0.0123, 0.5621, 0.0119, 0.5775
34.79, -8.90, 4186.70,, 772.65, 325.80, 0.0123, 0.5565, 0.0117, 0.5775
31.92, -8.86, 4182.51,, 762.19, 325.91, 0.0121, 0.5650, 0.0121, 0.5659
36.43, 14.31, 4002.04,, 784.84, 407.54, 0.0159, 0.5019, 0.0151, 0.5309
36.40, 14.36, 4000.32,, 784.79, 407.74, 0.0157, 0.5065, 0.0149, 0.5309
36.43, 14.32, 4000.48,, 784.91, 407.59, 0.0155, 0.5114, 0.0149, 0.5309
36.41, 14.37, 3997.69,, 784.92, 407.81, 0.0158, 0.5000, 0.0155, 0.5076
36.44, 14.36, 4002.78,, 784.87, 407.69, 0.0159, 0.4964, 0.0153, 0.5193
36.45, 14.37, 3999.34,, 785.03, 407.78, 0.0158, 0.5021, 0.0149, 0.5309
36.47, 14.29, 4001.42,, 785.03, 407.47, 0.0158, 0.4931, 0.0151, 0.5193
36.74, 13.28, 4004.23,, 785.98, 403.81, 0.0158, 0.4963, 0.0151, 0.5193
37.20, 12.17, 4016.59,, 787.30, 399.71, 0.0157, 0.4975, 0.0151, 0.5193
38.60, 6.23, 4060.70,, 791.04, 378.26, 0.0151, 0.5098, 0.0145, 0.5309
38.85, 4.17, 4071.22,, 791.62, 370.97, 0.0140, 0.5117, 0.0135, 0.5309
38.91, 4.12, 4074.63,, 791.74, 370.76, 0.0135, 0.5367, 0.0133, 0.5426
38.89, 4.09, 4073.78,, 791.69, 370.67, 0.0137, 0.5280, 0.0133, 0.5426
38.94, 4.59, 4074.35,, 791.84, 372.43, 0.0135, 0.5385, 0.0131, 0.5542
38.96, 5.62, 4062.98,, 792.35, 376.08, 0.0136, 0.5241, 0.0131, 0.5426
39.23, 8.01, 4041.74,, 794.12, 384.67, 0.0137, 0.5196, 0.0131, 0.5426
39.12, 9.59, 4030.57,, 794.13, 390.38, 0.0142, 0.5116, 0.0137, 0.5309
38.05, 15.33, 3984.82,, 791.70, 411.42, 0.0150, 0.5024, 0.0145, 0.5193
37.20, 19.15, 3955.54,, 789.48, 425.66, 0.0148, 0.4995, 0.0145, 0.5076
37.10, 19.52, 3950.00,, 789.32, 427.11, 0.0144, 0.5044, 0.0139, 0.5193
37.31, 19.78, 3953.74,, 789.99, 427.99, 0.0144, 0.5055, 0.0137, 0.5309
37.46, 20.12, 3948.32,, 790.77, 429.31, 0.0144, 0.5076, 0.0137, 0.5309
37.40, 20.00, 3952.52,, 790.36, 428.81, 0.0141, 0.5214, 0.0135, 0.5426
37.41, 19.95, 3954.13,, 790.34, 428.58, 0.0146, 0.5086, 0.0139, 0.5309
37.34, 19.99, 3953.32,, 790.12, 428.75, 0.0141, 0.5225, 0.0135, 0.5426
37.25, 19.83, 3955.09,, 789.70, 428.13, 0.0141, 0.5263, 0.0139, 0.5309
37.10, 19.57, 3956.11,, 789.07, 427.17, 0.0139, 0.5366, 0.0137, 0.5426
29.70, 15.87, 3994.69,, 759.15, 413.21, 0.0154, 0.5037, 0.0149, 0.5193
29.00, 13.68, 4006.24,, 756.14, 405.22, 0.0192, 0.4353, 0.0181, 0.4727
28.96, 13.85, 4009.08,, 755.92, 405.78, 0.0198, 0.4238, 0.0183, 0.4727
28.94, 13.75, 4011.37,, 755.77, 405.40, 0.0192, 0.4428, 0.0183, 0.4727
28.75, 13.59, 4014.82,, 754.94, 404.79, 0.0192, 0.4386, 0.0179, 0.4843
20.37, 11.24, 4040.43,, 722.32, 396.14, 0.0191, 0.4398, 0.0181, 0.4727
19.92, 11.27, 4039.51,, 720.61, 396.27, 0.0180, 0.4527, 0.0171, 0.4843
19.95, 11.33, 4035.59,, 720.81, 396.50, 0.0182, 0.4524, 0.0173, 0.4843
19.68, 11.36, 4037.03,, 719.74, 396.59, 0.0177, 0.4750, 0.0173, 0.4843
13.69, 10.63, 4047.94,, 696.78, 393.92, 0.0168, 0.4564, 0.0157, 0.4960
12.62, 10.44, 4050.16,, 692.67, 393.23, 0.0150, 0.4940, 0.0143, 0.5193
9.15, 9.79, 4060.96,, 679.38, 390.84, 0.0137, 0.5249, 0.0131, 0.5426
6.18, 9.09, 4066.75,, 668.09, 388.29, 0.0128, 0.5542, 0.0125, 0.5659
3.26, 8.43, 4068.62,, 657.03, 385.97, 0.0119, 0.5755, 0.0119, 0.5775
2.05, 8.25, 4070.87,, 652.45, 385.31, 0.0119, 0.5749, 0.0115, 0.5892
0.42, 7.79, 4072.46,, 646.27, 383.70, 0.0119, 0.5788, 0.0119, 0.5775
-2.00, 7.48, 4067.03,, 637.13, 382.64, 0.0123, 0.5646, 0.0115, 0.5892
-5.63, 7.01, 4079.48,, 623.47, 380.89, 0.0116, 0.5746, 0.0115, 0.5775
-8.55, 6.65, 4079.68,, 612.44, 379.64, 0.0111, 0.5862, 0.0111, 0.5892
-13.44, 5.91, 4072.15,, 593.89, 377.08, 0.0114, 0.5791, 0.0111, 0.5892
-27.48, 3.96, 4078.91,, 540.99, 370.21, 0.0111, 0.5906, 0.0111, 0.5892
-44.48, 1.93, 4085.81,, 477.10, 363.03, 0.0114, 0.5919, 0.0115, 0.5892
-45.65, 1.74, 4078.87,, 472.41, 362.40, 0.0115, 0.5881, 0.0115, 0.5892
-49.92, 1.71, 4077.30,, 456.19, 362.28, 0.0113, 0.5930, 0.0113, 0.5892
-50.75, 1.72, 4081.79,, 453.29, 362.33, 0.0116, 0.5803, 0.0113, 0.5892
