Time-Stame, X-position, Y-position, Z-position, X-pixel, Y-pixel, Rotation-vector, Translation-vector, mua, mus, muaLUT, musLUT
0.000,-81.31, 79.65, 1735.24, 236.02, 851.02, -0.4166, -0.0374, -1.5061, -91.8950, 82.1443, 1719.8708, 1.5462, 4.5821, 0.0500, 0.8687
7.124,-81.56, 75.04, 1744.06, 236.78, 827.64, -0.4139, -0.0486, -1.5061, -92.0161, 77.4368, 1728.5887, -0.0011, 3.5759, 0.0500, 3.0000
12.648,-81.82, 70.40, 1753.34, 237.62, 804.24, -0.4112, -0.0559, -1.5056, -92.1788, 72.7319, 1737.7921, 0.1416, 0.1194, 0.0362, 1.5092
17.931,-81.85, 65.68, 1760.25, 239.00, 781.15, -0.4150, -0.0602, -1.5061, -92.1998, 67.9344, 1744.6832, 0.0770, 0.1558, 0.0500, 0.8454
34.838,-82.10, 61.01, 1768.75, 239.66, 758.20, -0.4119, -0.0706, -1.5055, -92.3292, 63.1676, 1753.0859, 0.0711, -0.1180, 0.0113, 3.0000
40.167,-82.25, 56.26, 1776.75, 240.72, 735.20, -0.4102, -0.0755, -1.5066, -92.4038, 58.3906, 1761.0459, 0.0511, 0.2392, 0.0500, 0.6823
45.126,-82.44, 51.58, 1785.84, 241.75, 712.55, -0.4107, -0.0825, -1.5057, -92.5424, 53.6169, 1770.0800, 0.0605, 0.1715, 0.0500, 0.1000
50.151,-82.70, 46.87, 1794.54, 242.40, 690.07, -0.4077, -0.0936, -1.5057, -92.6666, 48.8117, 1778.6824, 0.9301, 4.8799, 0.0500, 3.0000
55.048,-82.79, 42.10, 1801.31, 243.44, 667.77, -0.4088, -0.1008, -1.5051, -92.6923, 43.9523, 1785.4012, 6.5646, 4.5781, 0.0101, 3.0000
59.575,-83.03, 37.35, 1810.77, 244.34, 645.42, -0.4070, -0.1074, -1.5049, -92.8485, 39.1404, 1794.8016, 0.0314, 0.9169, 0.0500, 3.0000
64.430,-83.26, 32.56, 1819.68, 245.14, 623.18, -0.4042, -0.1144, -1.5053, -92.9833, 34.2991, 1803.6547, 0.0826, -0.1221, 0.0500, 0.1116
69.316,-83.25, 27.83, 1823.69, 246.04, 601.74, -0.4078, -0.1280, -1.5045, -92.8708, 29.3713, 1807.5804, 0.0399, 0.2029, 0.0500, 3.0000
74.015,-83.50, 22.95, 1834.86, 247.20, 579.35, -0.4038, -0.1262, -1.5050, -93.1002, 24.5548, 1818.7419, -0.0026, 5.4151, 0.0001, 3.0000
78.795,-83.46, 18.14, 1840.40, 248.52, 557.78, -0.4097, -0.1294, -1.5042, -93.0860, 19.6467, 1824.2892, 0.1005, 0.1394, 0.0500, 3.0000
83.357,-83.48, 13.37, 1844.96, 249.32, 536.58, -0.4106, -0.1431, -1.5045, -92.9809, 14.7220, 1828.7601, 1.2573, 1.2999, 0.0500, 1.0783
87.967,-83.84, 8.47, 1857.45, 250.27, 514.70, -0.4061, -0.1440, -1.5042, -93.2829, 9.8449, 1841.2200, 0.7135, 2.3602, 0.0079, 3.0000
93.072,-83.97, 3.62, 1865.31, 251.24, 493.39, -0.4068, -0.1497, -1.5032, -93.3706, 4.9137, 1849.0502, -0.0107, 3.7146, 0.0089, 3.0000
98.376,-84.08, -1.22, 1872.88, 252.29, 472.33, -0.4088, -0.1565, -1.5041, -93.4188, -0.0066, 1856.5740, 0.0792, -0.1306, 0.0500, 0.7522
103.361,-84.03, -6.04, 1877.82, 253.48, 451.44, -0.4129, -0.1614, -1.5033, -93.3629, -4.9341, 1861.5093, 0.0286, 0.2303, 0.0500, 0.8104
108.434,-84.11, -10.89, 1884.08, 254.36, 430.60, -0.4131, -0.1686, -1.5029, -93.3727, -9.8661, 1867.7204, 0.1269, 0.1266, 0.0500, 0.6590
113.656,-84.21, -15.79, 1891.47, 255.37, 409.72, -0.4121, -0.1733, -1.5036, -93.4122, -14.8017, 1875.0771, 0.0157, 1.3239, 0.0500, 0.1000
118.560,-84.36, -20.70, 1899.31, 256.21, 388.97, -0.4105, -0.1789, -1.5028, -93.4954, -19.7665, 1882.8703, 0.0027, 3.5213, 0.0320, 1.1016
123.269,-84.47, -25.60, 1906.71, 257.19, 368.40, -0.4103, -0.1840, -1.5030, -93.5431, -24.7239, 1890.2412, 0.0001, 7.1988, 0.0500, 3.0000
128.474,-84.35, -30.45, 1910.91, 258.49, 347.99, -0.4145, -0.1856, -1.5026, -93.4552, -29.6356, 1894.4525, 1.7246, 1.0784, 0.0500, 3.0000
134.799,-84.47, -35.30, 1917.41, 259.20, 327.85, -0.4137, -0.1959, -1.5018, -93.4638, -34.6037, 1900.8800, -0.0021, 6.9339, 0.0500, 1.2530
140.116,-84.61, -40.32, 1926.49, 260.32, 307.35, -0.4129, -0.1955, -1.5020, -93.5981, -39.6125, 1909.9563, 0.7834, -0.7821, 0.0500, 0.1000
145.432,-84.49, -45.05, 1929.63, 261.42, 287.69, -0.4196, -0.2034, -1.5016, -93.4636, -44.4959, 1913.0853, 0.0226, -0.0896, 0.0500, 1.4859
150.584,-84.62, -49.91, 1936.01, 262.05, 267.88, -0.4178, -0.2137, -1.5016, -93.4680, -49.4606, 1919.3901, 0.1886, 0.1065, 0.0500, 0.8337
155.816,-84.71, -54.88, 1942.83, 262.95, 247.85, -0.4149, -0.2167, -1.5014, -93.4961, -54.4296, 1926.1856, 0.2837, 0.0961, 0.0143, 3.0000
161.433,-84.58, -59.68, 1946.80, 264.24, 228.26, -0.4199, -0.2189, -1.5006, -93.3953, -59.3093, 1930.1695, 1.3189, 0.6131, 0.0500, 0.1000
167.277,-84.68, -64.61, 1954.08, 265.16, 208.64, -0.4203, -0.2245, -1.5005, -93.4386, -64.3136, 1937.4183, 1.2927, 0.8247, 0.0500, 3.0000
316.294,-56.48, 79.67, 1747.77, 356.34, 848.46, -0.3808, -0.0294, -1.5132, -66.7728, 82.6518, 1732.2839, -0.0014, 3.1817, 0.0500, 1.0317
325.188,-56.77, 75.01, 1758.54, 356.60, 824.60, -0.3714, -0.0362, -1.5134, -66.9133, 77.9986, 1742.9593, 0.1395, 0.1212, 0.0500, 0.9968
330.300,-56.92, 70.33, 1767.76, 357.31, 801.28, -0.3715, -0.0422, -1.5133, -67.0026, 73.2562, 1752.1328, 0.0344, 1.1055, 0.0500, 0.9735
335.737,-57.15, 65.66, 1777.74, 357.71, 778.06, -0.3677, -0.0511, -1.5132, -67.1178, 68.5141, 1762.0256, 0.7916, 3.6600, 0.0500, 3.0000
340.926,-57.31, 60.98, 1785.38, 358.09, 755.46, -0.3686, -0.0647, -1.5124, -67.1603, 63.6696, 1769.5565, 0.0255, 0.7375, 0.0500, 3.0000
345.850,-57.51, 56.24, 1793.66, 358.44, 732.69, -0.3659, -0.0758, -1.5123, -67.2177, 58.8343, 1777.7363, 0.7400, -0.8093, 0.0500, 1.4743
350.753,-57.53, 51.48, 1800.05, 359.28, 710.28, -0.3703, -0.0835, -1.5121, -67.2049, 53.9465, 1784.0893, 0.0096, 6.7510, 0.0177, 3.0000
355.874,-57.77, 46.78, 1810.14, 359.65, 687.85, -0.3686, -0.0947, -1.5127, -67.3167, 49.1398, 1794.0820, 0.0036, 2.2465, 0.0500, 3.0000
360.938,-57.85, 41.95, 1818.74, 360.53, 665.25, -0.3680, -0.0963, -1.5120, -67.3780, 44.2887, 1802.6663, -0.0030, 3.1289, 0.0500, 0.7988
366.403,-57.96, 37.12, 1826.34, 361.12, 642.96, -0.3666, -0.1032, -1.5124, -67.4048, 39.4024, 1810.2091, 0.0418, 0.1998, 0.0500, 0.7639
371.329,-58.05, 32.35, 1832.77, 361.64, 621.20, -0.3689, -0.1153, -1.5117, -67.3979, 34.4671, 1816.5650, 0.1075, -0.1459, 0.0500, 1.3345
376.680,-58.14, 27.49, 1841.10, 362.43, 599.09, -0.3690, -0.1189, -1.5120, -67.4484, 29.5697, 1824.8632, -0.0000, 3.1420, 0.0500, 1.1016
381.832,-58.16, 22.72, 1846.61, 363.10, 577.70, -0.3739, -0.1294, -1.5111, -67.4180, 24.6249, 1830.3282, 0.0357, 0.2110, 0.0500, 0.7289
386.964,-58.34, 17.83, 1856.03, 363.62, 555.77, -0.3697, -0.1355, -1.5117, -67.4907, 19.7133, 1839.6847, 0.0039, 3.5704, 0.0145, 1.5791
392.103,-58.34, 13.02, 1861.03, 364.34, 534.53, -0.3740, -0.1438, -1.5097, -67.4505, 14.7524, 1844.6404, -0.0044, 7.9605, 0.0001, 3.0000
397.129,-58.38, 8.21, 1866.92, 364.97, 513.40, -0.3768, -0.1547, -1.5114, -67.3990, 9.8067, 1850.4714, 0.0795, 0.1557, 0.0111, 2.7554
402.567,-58.38, 3.38, 1872.73, 365.78, 492.28, -0.3804, -0.1603, -1.5096, -67.3857, 4.8580, 1856.2645, 1.0212, 1.4933, 0.0500, 0.9153
407.774,-58.57, -1.58, 1883.86, 366.45, 470.77, -0.3774, -0.1627, -1.5106, -67.5202, -0.0920, 1867.3558, 3.0609, 8.1004, 0.0500, 0.9735
412.825,-58.54, -6.41, 1888.54, 367.22, 450.02, -0.3813, -0.1704, -1.5093, -67.4543, -5.0496, 1872.0086, 0.0010, 2.9710, 0.0500, 3.0000
417.908,-58.62, -11.32, 1895.46, 367.83, 429.04, -0.3800, -0.1757, -1.5093, -67.4594, -10.0091, 1878.8902, -0.0052, 2.5148, 0.0001, 3.0000
423.320,-58.55, -16.06, 1899.37, 368.64, 408.82, -0.3885, -0.1863, -1.5085, -67.3706, -14.9613, 1882.7673, 1.0157, 5.3859, 0.0500, 0.7406
429.083,-58.62, -21.04, 1907.25, 369.39, 387.90, -0.3861, -0.1880, -1.5085, -67.3988, -19.9298, 1890.6242, 5.9677, 13.9840, 0.0500, 3.0000
434.384,-58.59, -25.87, 1911.98, 370.15, 367.55, -0.3899, -0.1948, -1.5082, -67.3353, -24.8797, 1895.3337, 0.0417, 0.1998, 0.0500, 1.0783
439.807,-58.76, -30.88, 1922.38, 370.82, 346.94, -0.3880, -0.1977, -1.5075, -67.4525, -29.9143, 1905.7121, 0.0730, 0.1612, 0.0500, 0.8221
445.474,-58.70, -35.75, 1927.40, 371.70, 326.72, -0.3914, -0.2017, -1.5070, -67.3939, -34.8665, 1910.7234, -0.0038, 6.4135, 0.0500, 0.1116
450.938,-58.70, -40.68, 1933.74, 372.53, 306.48, -0.3934, -0.2040, -1.5070, -67.3868, -39.8401, 1917.0595, 2.0747, 0.8469, 0.0500, 0.7755
456.363,-58.78, -45.59, 1940.65, 373.09, 286.51, -0.3934, -0.2123, -1.5072, -67.3770, -44.8415, 1923.9191, 0.1840, 0.1060, 0.0500, 0.8920
461.885,-58.77, -50.55, 1947.52, 374.00, 266.46, -0.3954, -0.2130, -1.5062, -67.3858, -49.8388, 1930.7948, 1.5669, 0.5223, 0.0500, 0.1000
467.786,-58.79, -55.49, 1954.19, 374.80, 246.62, -0.3970, -0.2172, -1.5068, -67.3683, -54.8363, 1937.4435, 0.0249, 1.1158, 0.0500, 2.0450
473.585,-58.70, -60.27, 1957.92, 375.63, 227.23, -0.4033, -0.2240, -1.5065, -67.2740, -59.7504, 1941.1605, 0.0257, 2.4809, 0.0500, 0.6474
480.529,-58.71, -65.12, 1963.01, 376.25, 207.76, -0.4044, -0.2312, -1.5063, -67.2146, -64.6997, 1946.2190, 0.2904, -0.2804, 0.0500, 3.0000
608.657,-31.49, 79.61, 1763.93, 475.99, 844.74, -0.3234, -0.0101, -1.5237, -41.3750, 83.4241, 1748.3732, 0.0349, 0.2116, 0.0500, 0.8687
614.430,-31.64, 74.97, 1773.43, 476.06, 821.53, -0.3239, -0.0215, -1.5237, -41.4254, 78.6622, 1757.7745, -0.0008, 5.2578, 0.0500, 0.8920
619.459,-31.88, 70.28, 1783.27, 475.78, 798.20, -0.3174, -0.0336, -1.5235, -41.4847, 73.8921, 1767.4887, 0.0434, 0.3523, 0.0500, 3.0000
624.400,-32.06, 65.57, 1791.28, 475.59, 775.38, -0.3154, -0.0487, -1.5236, -41.5017, 69.0380, 1775.3610, 1.6633, 0.7873, 0.0500, 1.0550
629.414,-32.20, 60.92, 1799.20, 475.60, 753.06, -0.3197, -0.0652, -1.5226, -41.5257, 64.1578, 1783.1680, 0.1666, 0.1127, 0.0500, 0.5892
635.519,-32.33, 56.19, 1808.01, 475.75, 730.42, -0.3204, -0.0752, -1.5222, -41.5599, 59.3056, 1791.9030, -0.0049, 3.2424, 0.0500, 3.0000
641.033,-32.46, 51.38, 1816.13, 475.82, 707.75, -0.3179, -0.0841, -1.5228, -41.5731, 54.4250, 1799.9404, 0.0648, 0.1660, 0.0500, 3.0000
646.692,-32.51, 46.61, 1821.64, 476.02, 685.75, -0.3227, -0.0974, -1.5218, -41.5438, 49.4541, 1805.3691, 0.0050, 1.3265, 0.0047, 3.0000
652.011,-32.50, 41.76, 1828.80, 476.67, 663.37, -0.3263, -0.1001, -1.5213, -41.5387, 44.5349, 1812.5183, -0.0063, 7.4138, 0.0500, 3.0000
656.913,-32.64, 36.97, 1836.59, 476.67, 641.36, -0.3257, -0.1126, -1.5213, -41.5446, 39.6110, 1820.2177, 1.1369, 1.2947, 0.0107, 3.0000
662.024,-32.78, 32.19, 1844.02, 476.60, 619.62, -0.3256, -0.1271, -1.5205, -41.5469, 34.6632, 1827.5403, 1.0622, 6.5530, 0.0500, 3.0000
667.298,-32.80, 27.35, 1851.31, 477.08, 597.81, -0.3294, -0.1332, -1.5203, -41.5420, 29.7216, 1834.7958, 0.1737, 0.1109, 0.0500, 1.4161
672.346,-32.85, 22.54, 1857.80, 477.40, 576.30, -0.3337, -0.1426, -1.5202, -41.5300, 24.7556, 1841.2394, -0.0030, 3.3027, 0.0103, 3.0000
677.544,-32.96, 17.64, 1865.06, 477.48, 554.57, -0.3308, -0.1505, -1.5198, -41.5323, 19.7982, 1848.4364, 1.4720, 0.0721, 0.0290, 1.5325
682.225,-32.94, 12.78, 1871.40, 478.07, 533.15, -0.3355, -0.1556, -1.5190, -41.5069, 14.8217, 1854.7661, 0.0055, 2.0124, 0.0500, 2.0799
687.387,-32.89, 7.95, 1876.90, 478.70, 512.06, -0.3432, -0.1616, -1.5190, -41.4739, 9.8507, 1860.2560, 1.8046, -0.3272, 0.0500, 3.0000
692.715,-32.93, 3.08, 1882.58, 478.98, 490.94, -0.3450, -0.1698, -1.5184, -41.4448, 4.8714, 1865.8841, 1.3897, 1.0224, 0.0500, 1.0201
697.513,-32.92, -1.81, 1890.13, 479.61, 469.80, -0.3491, -0.1727, -1.5181, -41.4445, -0.1019, 1873.4301, 0.1156, 0.1292, 0.0500, 0.9153
702.458,-33.02, -6.68, 1896.95, 479.65, 448.98, -0.3483, -0.1839, -1.5173, -41.4316, -5.0890, 1880.1813, 1.4542, 7.8679, 0.0500, 0.1000
707.324,-32.98, -11.51, 1902.09, 480.26, 428.37, -0.3554, -0.1898, -1.5170, -41.3891, -10.0639, 1885.3126, 1.0781, 1.1324, 0.0500, 3.0000
712.582,-33.03, -16.42, 1908.94, 480.54, 407.63, -0.3552, -0.1964, -1.5165, -41.3726, -15.0508, 1892.1236, -0.0045, 10.0033, 0.0500, 0.8803
717.673,-33.08, -21.36, 1915.57, 480.81, 386.92, -0.3549, -0.2018, -1.5160, -41.3686, -20.0473, 1898.7186, 0.0371, -0.0400, 0.0500, 0.9618
722.592,-32.93, -26.20, 1920.20, 481.80, 366.61, -0.3652, -0.2025, -1.5164, -41.3096, -24.9963, 1903.3841, 0.0828, 0.1521, 0.0500, 3.0000
727.951,-32.98, -31.11, 1927.12, 482.09, 346.28, -0.3658, -0.2098, -1.5162, -41.2911, -29.9969, 1910.2628, -0.0049, 3.5188, 0.0109, 3.0000
732.875,-32.98, -36.06, 1934.30, 482.62, 325.95, -0.3686, -0.2120, -1.5155, -41.2962, -35.0040, 1917.4396, 0.0060, 7.3212, 0.0324, 3.0000
737.991,-32.94, -40.85, 1937.13, 483.02, 306.06, -0.3726, -0.2199, -1.5158, -41.2057, -39.9209, 1920.2405, 1.2175, 1.1511, 0.0500, 0.6707
743.341,-32.98, -45.82, 1944.56, 483.35, 285.93, -0.3723, -0.2244, -1.5148, -41.2067, -44.9453, 1927.6486, 0.8878, 1.6530, 0.0500, 1.1249
748.688,-33.06, -50.78, 1951.90, 483.55, 265.97, -0.3706, -0.2310, -1.5140, -41.2009, -49.9730, 1934.9392, 0.2004, 0.1049, 0.0500, 1.2414
754.183,-33.02, -55.67, 1957.55, 484.12, 246.27, -0.3760, -0.2346, -1.5139, -41.1750, -54.9562, 1940.5937, 0.0036, 3.7209, 0.0298, 1.3112
759.598,-33.00, -60.59, 1963.17, 484.62, 226.56, -0.3781, -0.2382, -1.5139, -41.1344, -59.9319, 1946.2032, -0.0021, 3.3261, 0.0500, 0.7406
764.474,-32.96, -65.56, 1969.48, 485.21, 206.82, -0.3801, -0.2383, -1.5132, -41.1205, -64.9342, 1952.5244, -0.0001, 4.1382, 0.0500, 3.0000
919.750,-6.22, 79.35, 1778.08, 594.75, 840.66, -0.2537, -0.0051, -1.5316, -15.4451, 83.9633, 1762.3336, 0.0040, 6.3119, 0.0500, 3.0000
926.585,-6.32, 74.67, 1786.85, 594.42, 817.58, -0.2545, -0.0186, -1.5315, -15.4262, 79.1290, 1770.9870, 1.6222, 0.7903, 0.0500, 1.2181
932.338,-6.53, 70.02, 1796.09, 593.61, 794.74, -0.2509, -0.0383, -1.5310, -15.4079, 74.2901, 1780.0481, 3.7070, 9.4741, 0.0500, 3.0000
937.465,-6.65, 65.32, 1803.97, 593.19, 772.19, -0.2532, -0.0548, -1.5311, -15.3840, 69.3963, 1787.8009, 0.0007, 2.9942, 0.0500, 0.1699
942.334,-6.78, 60.63, 1814.37, 592.76, 749.46, -0.2516, -0.0684, -1.5304, -15.3677, 64.5636, 1798.0826, 0.0030, 1.3446, 0.0199, 1.2996
947.197,-6.79, 55.84, 1820.27, 592.83, 727.16, -0.2580, -0.0793, -1.5303, -15.3266, 59.5889, 1803.9117, 0.2127, 0.1036, 0.0093, 3.0000
952.056,-6.88, 51.08, 1825.88, 592.52, 705.19, -0.2621, -0.0966, -1.5295, -15.2820, 54.5911, 1809.4062, -0.0024, 3.1518, 0.0500, 3.0000
957.035,-6.92, 46.28, 1833.95, 592.46, 682.89, -0.2645, -0.1060, -1.5287, -15.2586, 49.6554, 1817.4150, 2.2533, 10.8083, 0.0500, 3.0000
961.787,-7.01, 41.55, 1840.98, 592.16, 661.21, -0.2695, -0.1234, -1.5287, -15.2201, 44.6850, 1824.3311, 0.0020, 1.7061, 0.0500, 3.0000
966.866,-7.03, 36.70, 1847.19, 592.21, 639.24, -0.2733, -0.1321, -1.5275, -15.1844, 39.6912, 1830.4915, 0.2146, 0.1026, 0.0478, 0.1000
971.719,-6.98, 31.94, 1851.26, 592.49, 617.98, -0.2853, -0.1448, -1.5273, -15.1245, 34.6725, 1834.5046, -0.0053, 5.1443, 0.0500, 2.4410
976.492,-6.97, 27.07, 1858.79, 592.65, 596.07, -0.2881, -0.1495, -1.5264, -15.0984, 29.7080, 1842.0155, 2.0274, 0.5874, 0.0500, 3.0000
981.691,-6.96, 22.16, 1866.69, 592.83, 574.19, -0.2898, -0.1534, -1.5268, -15.0615, 24.7445, 1849.8966, 0.0387, 0.5689, 0.0500, 3.0000
986.866,-7.00, 17.38, 1869.25, 592.67, 553.25, -0.2961, -0.1702, -1.5261, -14.9941, 19.7057, 1852.3642, 2.1454, 6.0566, 0.0500, 3.0000
992.090,-6.97, 12.53, 1876.43, 592.96, 531.95, -0.3022, -0.1758, -1.5244, -14.9658, 14.7218, 1859.5256, -0.0059, 3.9709, 0.0500, 0.8337
998.156,-6.92, 7.68, 1882.20, 593.28, 510.82, -0.3092, -0.1816, -1.5242, -14.9244, 9.7356, 1865.2809, 0.2891, 0.0959, 0.0500, 0.8454
1003.744,-6.98, 2.78, 1889.31, 593.10, 489.57, -0.3079, -0.1900, -1.5231, -14.8933, 4.7383, 1872.3343, 0.0833, -0.1678, 0.0500, 0.7639
1009.463,-6.89, -2.07, 1893.57, 593.58, 468.74, -0.3167, -0.1952, -1.5233, -14.8300, -0.2475, 1876.5998, 0.0511, 0.1853, 0.0500, 3.0000
1015.097,-6.91, -6.93, 1898.64, 593.58, 447.91, -0.3192, -0.2038, -1.5225, -14.7851, -5.2441, 1881.6260, 0.1418, 0.1193, 0.0500, 1.3229
1021.843,-6.83, -11.94, 1908.21, 594.08, 426.72, -0.3220, -0.2011, -1.5224, -14.7622, -10.2456, 1891.2206, 1.6126, 3.5831, 0.0500, 0.8920
1027.115,-6.83, -16.74, 1911.70, 594.11, 406.37, -0.3262, -0.2123, -1.5224, -14.6901, -15.2204, 1894.6628, 0.0616, 0.1707, 0.0500, 0.6241
1032.301,-6.71, -21.51, 1914.47, 594.66, 386.24, -0.3387, -0.2180, -1.5212, -14.6414, -20.1788, 1897.4440, -0.0066, 4.5987, 0.0500, 1.4044
1037.495,-6.76, -26.46, 1923.66, 594.60, 365.72, -0.3388, -0.2249, -1.5203, -14.6182, -25.2201, 1906.5968, 0.1016, -0.1796, 0.0500, 3.0000
1042.720,-6.77, -31.40, 1930.52, 594.66, 345.31, -0.3391, -0.2303, -1.5198, -14.5738, -30.2278, 1913.4283, 0.0900, 0.1478, 0.0500, 3.0000
1047.643,-6.70, -36.34, 1936.94, 595.08, 324.99, -0.3432, -0.2315, -1.5199, -14.5277, -35.2238, 1919.8591, 1.0168, 2.8287, 0.0488, 0.1000
1052.848,-6.67, -41.19, 1941.03, 595.24, 305.01, -0.3466, -0.2380, -1.5195, -14.4685, -40.1771, 1923.9217, 1.8032, 0.5141, 0.0500, 3.0000
1058.818,-6.57, -46.09, 1946.88, 595.76, 285.03, -0.3536, -0.2386, -1.5193, -14.4312, -45.1610, 1929.8025, -0.0070, 3.7082, 0.0360, 3.0000
1064.295,-6.59, -51.12, 1955.53, 595.79, 264.98, -0.3525, -0.2434, -1.5190, -14.3918, -50.2308, 1938.4165, 1.1553, 1.7158, 0.0500, 3.0000
1070.086,-6.56, -55.93, 1958.37, 595.95, 245.31, -0.3561, -0.2488, -1.5186, -14.3430, -55.1420, 1941.2453, -0.0070, -3.8091, 0.0013, 3.0000
1075.878,-6.56, -60.80, 1963.88, 596.06, 225.76, -0.3583, -0.2557, -1.5174, -14.2872, -60.1271, 1946.7252, 1.6473, 0.4642, 0.0500, 3.0000
1081.975,-6.51, -65.93, 1973.68, 596.38, 205.89, -0.3589, -0.2545, -1.5168, -14.2656, -65.2486, 1956.5378, -0.0005, 6.4756, 0.0500, 3.0000
1255.500,19.12, 78.20, 1790.78, 712.00, 832.87, -0.1175, 0.0250, -1.5439, 10.9968, 84.5813, 1775.0349, 0.2761, -0.2709, 0.0500, 1.4510
1261.846,18.76, 73.92, 1801.22, 709.84, 811.46, -0.1216, -0.0217, -1.5429, 11.0582, 79.7610, 1785.0643, 0.0788, 0.1581, 0.0500, 3.0000
1267.197,18.57, 69.45, 1808.45, 708.65, 790.02, -0.1328, -0.0563, -1.5417, 11.1086, 74.8016, 1792.0157, -0.0026, 2.1032, 0.0500, 3.0000
1271.663,18.41, 65.09, 1814.00, 707.64, 769.53, -0.1551, -0.0976, -1.5401, 11.1453, 69.7593, 1797.2718, 0.7849, 1.6779, 0.0468, 1.3112
1276.534,18.58, 60.41, 1820.83, 708.08, 747.52, -0.1742, -0.1059, -1.5394, 11.2005, 64.7874, 1804.0623, 0.0466, 2.3419, 0.0500, 3.0000
1281.533,18.57, 55.66, 1827.23, 707.76, 725.43, -0.1827, -0.1191, -1.5382, 11.2442, 59.7976, 1810.3843, 1.1628, 1.3280, 0.0464, 0.1932
1286.323,18.57, 50.87, 1832.94, 707.47, 703.38, -0.1906, -0.1313, -1.5377, 11.2860, 54.7837, 1816.0217, 0.0475, 0.1907, 0.0500, 3.0000
1291.383,18.63, 46.19, 1838.83, 707.50, 681.94, -0.2069, -0.1457, -1.5364, 11.3324, 49.7650, 1821.8476, 1.4082, 0.5731, 0.0500, 0.1000
1296.199,18.61, 41.40, 1844.76, 707.13, 660.19, -0.2144, -0.1591, -1.5360, 11.3784, 44.7540, 1827.7036, 1.3333, 6.0998, 0.0500, 1.1133
1301.273,18.70, 36.58, 1850.38, 707.28, 638.42, -0.2253, -0.1652, -1.5354, 11.4185, 39.7433, 1833.3065, 1.4941, 4.5057, 0.0500, 0.7639
1306.194,18.72, 31.79, 1855.96, 707.14, 616.93, -0.2347, -0.1764, -1.5345, 11.4644, 34.7247, 1838.8361, 0.1525, 0.1142, 0.0500, 0.1000
1311.315,18.74, 26.93, 1861.76, 706.96, 595.26, -0.2399, -0.1843, -1.5342, 11.5130, 29.7211, 1844.5984, -0.0034, 4.3967, 0.0500, 0.1000
1316.065,18.86, 22.09, 1867.24, 707.25, 573.86, -0.2519, -0.1881, -1.5339, 11.5516, 24.7213, 1850.0890, -0.0041, 5.9928, 0.0500, 1.5675
1321.021,18.91, 17.27, 1872.41, 707.23, 552.66, -0.2612, -0.1964, -1.5333, 11.5921, 19.7096, 1855.2323, -0.0043, 12.2610, 0.0500, 0.9735
1326.238,18.93, 12.44, 1877.90, 707.08, 531.48, -0.2679, -0.2045, -1.5324, 11.6283, 14.7056, 1860.6961, 0.0141, 3.7601, 0.0500, 0.6241
1331.966,18.96, 7.57, 1883.73, 706.95, 510.30, -0.2729, -0.2112, -1.5313, 11.6753, 9.7050, 1866.5042, 0.0986, 0.1411, 0.0145, 3.0000
1337.086,18.99, 2.71, 1889.86, 706.82, 489.30, -0.2792, -0.2184, -1.5303, 11.7187, 4.6987, 1872.6096, 1.2697, 1.0754, 0.0500, 1.0201
1342.463,19.08, -2.14, 1894.91, 706.96, 468.42, -0.2876, -0.2228, -1.5297, 11.7593, -0.2961, 1877.6608, 0.0003, 1.7866, 0.0500, 3.0000
1347.746,19.08, -7.06, 1901.70, 706.67, 447.40, -0.2885, -0.2287, -1.5295, 11.8167, -5.2952, 1884.4151, -0.6131, 0.6772, 0.0500, 3.0000
1352.518,19.15, -11.92, 1907.18, 706.75, 426.76, -0.2961, -0.2328, -1.5289, 11.8530, -10.2827, 1889.8969, 1.6766, 0.6847, 0.0500, 1.0084
1357.339,19.11, -16.79, 1912.22, 706.36, 406.20, -0.2979, -0.2425, -1.5281, 11.8979, -15.2809, 1894.8985, 0.1076, 0.1227, 0.0500, 0.1000
1362.576,19.26, -21.68, 1918.44, 706.74, 385.67, -0.3076, -0.2421, -1.5287, 11.9473, -20.2661, 1901.1446, 1.9415, 5.9820, 0.0063, 3.0000
1367.443,19.25, -26.60, 1924.67, 706.42, 365.19, -0.3084, -0.2486, -1.5270, 11.9931, -25.2762, 1907.3489, 0.1194, 0.1276, 0.0500, 0.8221
1372.388,19.35, -31.46, 1929.46, 706.64, 344.96, -0.3166, -0.2508, -1.5273, 12.0317, -30.2447, 1912.1533, 1.1313, 0.8527, 0.0500, 3.0000
1378.023,19.35, -36.36, 1935.25, 706.40, 324.78, -0.3189, -0.2565, -1.5257, 12.0660, -35.2401, 1917.9204, 0.0648, 0.1685, 0.0500, 3.0000
1383.029,19.41, -41.23, 1941.36, 706.41, 304.84, -0.3257, -0.2616, -1.5258, 12.1174, -40.2394, 1924.0362, 1.2907, 0.3273, 0.0500, 0.7289
1388.292,19.47, -46.13, 1946.73, 706.41, 284.86, -0.3297, -0.2649, -1.5253, 12.1635, -45.2172, 1929.4052, 0.0430, 0.1978, 0.0500, 1.4976
1393.515,19.51, -51.09, 1952.77, 706.34, 264.81, -0.3315, -0.2660, -1.5250, 12.2008, -50.2056, 1935.4384, -0.0061, 5.8132, 0.0500, 0.6590
1399.106,19.58, -55.95, 1957.51, 706.42, 245.10, -0.3368, -0.2686, -1.5247, 12.2397, -55.1561, 1940.1877, 0.0044, 1.8890, 0.0500, 3.0000
1405.261,19.64, -60.89, 1963.61, 706.42, 225.35, -0.3400, -0.2708, -1.5247, 12.2924, -60.1535, 1946.2855, 0.1366, 0.1204, 0.0500, 1.0900
1411.280,19.69, -65.81, 1969.56, 706.40, 205.79, -0.3438, -0.2737, -1.5243, 12.3380, -65.1472, 1952.2443, -0.0034, 5.7778, 0.0500, 0.7522
1547.406,41.89, 79.23, 1777.66, 818.61, 840.19, -0.0370, -0.2090, -1.5441, 37.1050, 83.9626, 1760.0779, -0.0129, 24.6886, 0.0500, 1.3928
1553.147,42.28, 74.58, 1787.16, 819.38, 817.11, -0.0570, -0.2029, -1.5442, 37.2151, 79.1659, 1769.6102, 1.5636, 1.1203, 0.0500, 3.0000
1558.823,42.52, 69.86, 1795.44, 819.62, 794.13, -0.0711, -0.2019, -1.5445, 37.3047, 74.2999, 1777.9044, 1.8003, 5.5859, 0.0500, 0.6823
1563.992,42.91, 65.27, 1802.91, 820.58, 772.12, -0.1016, -0.2021, -1.5447, 37.3718, 69.3855, 1785.3922, 0.0671, 0.1658, 0.0500, 0.9036
1569.190,43.27, 60.60, 1812.35, 821.20, 749.61, -0.1222, -0.1990, -1.5448, 37.4823, 64.5297, 1794.8746, 0.0351, 0.2123, 0.0500, 1.4161
1574.046,43.36, 55.89, 1816.63, 821.15, 727.89, -0.1417, -0.2096, -1.5435, 37.4813, 59.4884, 1799.1088, -0.0043, 3.2479, 0.0143, 3.0000
1578.784,43.57, 51.08, 1825.40, 821.15, 705.24, -0.1508, -0.2078, -1.5436, 37.5747, 54.6013, 1807.9035, 0.0345, 0.2131, 0.0099, 1.5442
1583.914,43.62, 46.34, 1829.36, 820.93, 683.68, -0.1670, -0.2190, -1.5423, 37.5705, 49.5589, 1811.8228, -0.0020, 4.6640, 0.0500, 3.0000
1589.187,43.84, 41.50, 1837.57, 821.03, 661.35, -0.1776, -0.2175, -1.5427, 37.6634, 44.6335, 1820.0612, 0.0013, 5.5870, 0.0500, 1.3695
1594.518,43.89, 36.69, 1843.59, 820.63, 639.53, -0.1870, -0.2246, -1.5417, 37.6940, 39.6388, 1826.0596, 1.0528, 0.5862, 0.0179, 3.0000
1599.504,44.10, 31.85, 1850.54, 820.83, 617.64, -0.2001, -0.2232, -1.5417, 37.7517, 34.6763, 1833.0364, 0.0009, 7.0220, 0.0009, 3.0000
1604.335,44.12, 27.04, 1855.20, 820.44, 596.19, -0.2098, -0.2318, -1.5403, 37.7628, 29.6595, 1837.6696, 0.0762, 0.1605, 0.0402, 1.4161
1609.541,44.33, 22.21, 1861.82, 820.68, 574.64, -0.2243, -0.2308, -1.5404, 37.8119, 24.6848, 1844.3292, 0.0489, 0.1885, 0.0500, 1.2530
1614.731,44.40, 17.34, 1868.24, 820.27, 553.13, -0.2300, -0.2358, -1.5401, 37.8684, 19.7042, 1850.7433, -0.0053, 5.4040, 0.0500, 0.7289
1619.812,44.48, 12.53, 1873.76, 820.05, 532.00, -0.2411, -0.2412, -1.5391, 37.8889, 14.7052, 1856.2565, -0.0058, 3.2537, 0.0500, 0.9153
1624.793,44.54, 7.62, 1881.47, 819.51, 510.56, -0.2433, -0.2455, -1.5380, 37.9699, 9.7192, 1863.9546, 0.2489, 0.0980, 0.0500, 0.1000
1629.941,44.52, 2.85, 1883.95, 819.20, 489.94, -0.2554, -0.2549, -1.5371, 37.9316, 4.7170, 1866.4134, -0.0043, 4.5301, 0.0500, 2.2663
1635.072,44.69, -2.08, 1891.50, 819.14, 468.68, -0.2620, -0.2529, -1.5370, 38.0055, -0.2605, 1873.9933, -0.0012, 2.6413, 0.0500, 3.0000
1640.686,44.67, -6.91, 1896.50, 818.52, 447.96, -0.2667, -0.2620, -1.5362, 38.0298, -5.2544, 1878.9592, 0.1186, -0.1800, 0.0500, 3.0000
1645.867,44.79, -11.79, 1903.28, 818.38, 427.21, -0.2751, -0.2635, -1.5353, 38.0817, -10.2433, 1885.7582, 0.0371, -0.1117, 0.0438, 0.6241
1651.626,44.79, -16.71, 1909.08, 817.78, 406.40, -0.2757, -0.2685, -1.5354, 38.1314, -15.2256, 1891.5325, 0.0073, 7.3681, 0.0500, 1.5325
1657.299,44.99, -21.60, 1915.34, 817.99, 385.87, -0.2882, -0.2662, -1.5351, 38.1686, -20.2166, 1897.8457, -0.0046, 3.5045, 0.0500, 0.9153
1662.454,44.92, -26.43, 1919.82, 817.24, 365.60, -0.2904, -0.2760, -1.5343, 38.1846, -25.1893, 1902.2795, -0.0047, 5.3395, 0.0500, 0.6940
1667.727,45.01, -31.39, 1926.82, 816.91, 345.10, -0.2938, -0.2770, -1.5336, 38.2439, -30.1931, 1909.2913, 0.0535, 0.1821, 0.0500, 0.6823
1673.298,45.03, -36.20, 1931.04, 816.61, 325.13, -0.3020, -0.2825, -1.5333, 38.2470, -35.1499, 1913.5061, 1.1148, 1.4682, 0.0500, 1.0900
1678.654,45.11, -41.11, 1937.59, 816.28, 305.01, -0.3064, -0.2850, -1.5322, 38.2990, -40.1461, 1920.0662, 0.4304, 18.6322, 0.0500, 3.0000
1683.645,45.21, -46.04, 1943.71, 816.11, 284.93, -0.3122, -0.2852, -1.5319, 38.3414, -45.1366, 1926.2074, 1.8501, 1.3769, 0.0444, 0.8221
1689.098,45.19, -50.92, 1948.27, 815.57, 264.99, -0.3134, -0.2897, -1.5317, 38.3569, -50.0839, 1930.7437, 1.7968, 5.2036, 0.0500, 3.0000
1694.285,45.26, -55.77, 1952.99, 815.40, 245.32, -0.3211, -0.2919, -1.5310, 38.3682, -55.0389, 1935.4866, 0.0054, 2.4461, 0.0500, 0.6590
1699.213,45.29, -60.58, 1957.12, 815.13, 225.80, -0.3279, -0.2957, -1.5302, 38.3683, -59.9683, 1939.6228, 0.0523, 0.1825, 0.0500, 0.8920
1704.686,45.37, -65.56, 1963.95, 814.81, 206.06, -0.3301, -0.2963, -1.5299, 38.4340, -64.9769, 1946.4541, -0.0031, 6.5297, 0.0500, 3.0000
1846.351,66.75, 79.41, 1757.28, 937.91, 845.20, -0.0662, -0.2888, -1.5422, 62.5767, 82.9268, 1739.2558, 0.1428, 0.1204, 0.0500, 1.5908
1854.199,66.97, 74.71, 1765.95, 937.42, 821.76, -0.0737, -0.2893, -1.5422, 62.7272, 78.1427, 1747.9343, 2.0031, -0.0877, 0.0500, 0.7755
1859.159,67.58, 70.06, 1777.44, 938.20, 798.28, -0.0923, -0.2745, -1.5445, 62.9688, 73.4752, 1759.5065, -0.0115, 4.3224, 0.0500, 3.0000
1863.900,67.69, 65.41, 1784.03, 937.58, 775.85, -0.1052, -0.2836, -1.5423, 63.0403, 68.5610, 1766.0548, 2.2975, 6.4456, 0.0500, 1.1715
1869.328,67.88, 60.61, 1791.77, 937.09, 752.78, -0.1112, -0.2832, -1.5432, 63.1647, 63.7088, 1773.8056, 0.0931, -0.1432, 0.0500, 0.8803
1875.669,68.29, 55.85, 1800.03, 937.53, 730.01, -0.1290, -0.2740, -1.5439, 63.2800, 58.8667, 1782.1339, -0.0106, -2.8132, 0.0500, 3.0000
1881.465,68.54, 51.16, 1807.01, 937.46, 707.93, -0.1467, -0.2765, -1.5427, 63.3653, 53.9524, 1789.1236, 0.1149, 0.1326, 0.0500, 3.0000
1886.845,68.77, 46.44, 1814.63, 937.21, 685.79, -0.1608, -0.2789, -1.5427, 63.4752, 49.0519, 1796.7557, 0.0018, 1.6202, 0.0500, 0.5775
1891.739,69.03, 41.61, 1824.33, 936.73, 663.15, -0.1648, -0.2768, -1.5432, 63.6726, 44.2093, 1806.4723, -0.0030, 2.6950, 0.0500, 1.0550
1896.904,69.19, 36.74, 1831.67, 936.20, 640.81, -0.1704, -0.2764, -1.5429, 63.7675, 39.2875, 1813.8206, 1.2346, 0.1077, 0.0500, 0.7406
1902.459,69.39, 31.95, 1838.04, 936.00, 619.02, -0.1837, -0.2777, -1.5422, 63.8336, 34.3330, 1820.2095, 0.0168, 0.2597, 0.0500, 1.4859
1907.476,69.63, 27.08, 1847.74, 935.45, 596.84, -0.1874, -0.2765, -1.5425, 64.0248, 29.4391, 1829.9180, 0.1053, 0.1319, 0.0500, 0.6940
1912.640,69.76, 22.25, 1852.49, 935.23, 575.30, -0.2000, -0.2774, -1.5420, 64.0294, 24.4589, 1834.6983, 1.8352, 0.4834, 0.0500, 3.0000
1917.707,69.82, 17.50, 1856.58, 934.78, 554.28, -0.2148, -0.2849, -1.5406, 64.0050, 19.4614, 1838.7777, 0.1793, 0.1097, 0.0500, 3.0000
1922.779,69.96, 12.57, 1864.31, 934.14, 532.47, -0.2169, -0.2846, -1.5403, 64.1244, 14.5160, 1846.5137, -0.0035, 3.7719, 0.0500, 2.0217
1927.967,70.13, 7.70, 1871.32, 933.71, 511.10, -0.2243, -0.2854, -1.5405, 64.2209, 9.5607, 1853.5380, 0.0536, 0.1820, 0.0500, 0.1000
1933.427,70.21, 2.86, 1876.84, 933.15, 490.01, -0.2328, -0.2889, -1.5402, 64.2511, 4.5883, 1859.0654, -0.0043, 3.4995, 0.0077, 3.0000
1939.082,70.25, -1.91, 1881.16, 932.63, 469.34, -0.2435, -0.2963, -1.5388, 64.2594, -0.3885, 1863.3729, -0.0039, 4.0000, 0.0500, 3.0000
1944.453,70.42, -6.76, 1886.82, 932.45, 448.45, -0.2550, -0.2945, -1.5388, 64.2874, -5.3376, 1869.0721, 1.0011, 1.5497, 0.0500, 0.6940
1949.708,70.55, -11.67, 1894.49, 931.76, 427.51, -0.2589, -0.2973, -1.5377, 64.4009, -10.3215, 1876.7418, -0.0032, 3.9222, 0.0500, 0.6008
1955.066,70.56, -16.55, 1900.42, 930.86, 406.75, -0.2605, -0.3027, -1.5368, 64.4553, -15.2918, 1882.6565, 0.0007, 6.4205, 0.0500, 1.0550
1960.173,70.74, -21.46, 1907.46, 930.48, 386.11, -0.2677, -0.3024, -1.5371, 64.5510, -20.2616, 1889.7184, 1.5229, 1.6280, 0.0500, 3.0000
1965.338,70.74, -26.26, 1910.95, 929.93, 365.81, -0.2756, -0.3067, -1.5362, 64.5145, -25.2046, 1893.2128, 1.4616, 1.6895, 0.0500, 3.0000
1970.331,70.96, -31.26, 1919.17, 929.56, 345.11, -0.2797, -0.3033, -1.5365, 64.6509, -30.2036, 1901.4661, 0.0514, 0.1850, 0.0500, 0.1466
1976.038,71.12, -36.17, 1926.37, 929.12, 324.88, -0.2871, -0.3038, -1.5361, 64.7436, -35.1961, 1908.6834, -0.0022, 6.9143, 0.0500, 3.0000
1981.947,71.08, -41.03, 1930.34, 928.31, 304.71, -0.2890, -0.3089, -1.5354, 64.7337, -40.1373, 1912.6393, 2.5358, 1.3951, 0.0500, 3.0000
1987.029,71.39, -46.10, 1940.79, 927.98, 284.38, -0.2937, -0.3056, -1.5365, 64.9591, -45.2120, 1923.1100, 1.3199, 3.4574, 0.0500, 0.6241
1992.100,71.32, -50.85, 1942.67, 927.41, 264.70, -0.3007, -0.3101, -1.5352, 64.8658, -50.0901, 1925.0037, 0.4280, 0.0974, 0.0500, 2.2663
1997.213,71.39, -55.70, 1947.95, 926.86, 245.01, -0.3079, -0.3135, -1.5351, 64.8940, -55.0534, 1930.2929, 0.0602, 0.1738, 0.0500, 0.1000
2002.166,71.53, -60.74, 1957.01, 926.08, 225.12, -0.3079, -0.3158, -1.5335, 65.0593, -60.1345, 1939.3354, 0.0025, 2.6614, 0.0500, 0.7522
2007.844,71.47, -65.40, 1958.63, 925.58, 206.00, -0.3183, -0.3223, -1.5329, 64.9621, -64.9742, 1940.9731, 0.0878, 0.1489, 0.0500, 3.0000
2169.617,91.53, 79.47, 1739.90, 1058.92, 849.19, -0.0841, -0.3446, -1.5415, 87.8327, 82.1677, 1721.6373, 6.9984, 15.9559, 0.0075, 2.8486
2174.610,91.82, 74.76, 1747.92, 1058.29, 825.54, -0.0917, -0.3409, -1.5429, 88.0015, 77.4203, 1729.6771, 1.4146, 4.6041, 0.0500, 1.4161
2179.935,92.22, 70.11, 1756.49, 1058.05, 802.30, -0.1068, -0.3354, -1.5437, 88.1759, 72.6713, 1738.2823, 2.0092, -0.3808, 0.0500, 1.4277
2185.217,92.58, 65.48, 1765.96, 1057.38, 779.26, -0.1174, -0.3357, -1.5444, 88.4209, 67.9319, 1747.7651, -0.0017, 2.6190, 0.0500, 0.1582
2190.754,92.75, 60.73, 1771.87, 1056.74, 756.42, -0.1290, -0.3354, -1.5438, 88.4622, 63.0517, 1753.6868, 1.3399, 1.5453, 0.0500, 1.9402
2195.851,93.28, 56.05, 1783.17, 1056.46, 733.33, -0.1398, -0.3275, -1.5447, 88.7895, 58.3558, 1765.0291, 0.0776, -0.1587, 0.0500, 0.1349
2200.696,93.37, 51.28, 1788.81, 1055.50, 710.83, -0.1478, -0.3312, -1.5437, 88.8281, 53.4522, 1770.6702, 0.0979, 0.1403, 0.0500, 3.0000
2205.562,93.71, 46.48, 1799.51, 1054.49, 687.72, -0.1477, -0.3275, -1.5446, 89.1283, 48.6948, 1781.3857, 0.1190, 0.1335, 0.0500, 3.0000
2210.844,93.75, 41.71, 1803.07, 1053.85, 665.78, -0.1618, -0.3304, -1.5440, 89.0533, 43.7361, 1784.9526, 1.2361, 4.0991, 0.0382, 3.0000
2215.729,94.16, 36.98, 1812.68, 1053.40, 643.59, -0.1745, -0.3279, -1.5438, 89.2869, 38.9046, 1794.5975, 1.8175, 0.5206, 0.0500, 1.0900
2220.946,94.36, 32.16, 1819.67, 1052.69, 621.37, -0.1821, -0.3261, -1.5443, 89.3938, 34.0217, 1801.6021, 2.1503, 0.1512, 0.0500, 3.0000
2225.889,94.68, 27.35, 1828.31, 1052.10, 599.31, -0.1906, -0.3231, -1.5439, 89.5829, 29.1557, 1810.2771, 0.0778, -0.1658, 0.0500, 1.9984
2231.124,94.79, 22.54, 1834.33, 1051.21, 577.57, -0.1978, -0.3253, -1.5440, 89.6447, 24.2440, 1816.2973, -0.0067, 4.8211, 0.0500, 3.0000
2236.338,95.02, 17.71, 1841.82, 1050.48, 555.84, -0.2061, -0.3246, -1.5429, 89.7669, 19.3300, 1823.8083, -0.0047, 3.8136, 0.0111, 3.0000
2241.702,95.15, 12.87, 1848.30, 1049.59, 534.24, -0.2119, -0.3256, -1.5439, 89.8573, 14.4196, 1830.2972, 1.6665, 0.3757, 0.0500, 0.9502
2246.816,95.42, 8.01, 1856.65, 1048.85, 512.72, -0.2190, -0.3248, -1.5431, 90.0335, 9.4938, 1838.6669, 2.2688, 13.2878, 0.0500, 3.0000
2251.644,95.52, 3.18, 1862.96, 1047.86, 491.52, -0.2249, -0.3283, -1.5425, 90.1084, 4.5608, 1844.9804, 0.0658, 0.1679, 0.0500, 0.9269
2256.614,95.75, -1.64, 1869.92, 1047.30, 470.50, -0.2367, -0.3282, -1.5417, 90.2084, -0.3845, 1851.9667, -0.0050, 4.3136, 0.0500, 3.0000
2261.904,95.79, -6.45, 1874.45, 1046.45, 449.62, -0.2443, -0.3309, -1.5413, 90.1950, -5.3148, 1856.5135, 1.9667, 0.3884, 0.0500, 3.0000
2267.773,96.02, -11.34, 1882.23, 1045.70, 428.61, -0.2508, -0.3300, -1.5412, 90.3421, -10.2584, 1864.3094, 1.1274, 1.0958, 0.0500, 3.0000
2273.363,96.17, -16.27, 1889.47, 1044.78, 407.57, -0.2527, -0.3289, -1.5414, 90.4677, -15.1950, 1871.5605, 0.0603, 0.1740, 0.0500, 3.0000
2278.561,96.28, -21.13, 1895.50, 1043.90, 386.93, -0.2586, -0.3309, -1.5409, 90.5318, -20.1427, 1877.6013, 0.0319, 0.2196, 0.0500, 3.0000
2283.858,96.38, -26.01, 1901.84, 1042.93, 366.34, -0.2626, -0.3331, -1.5401, 90.6084, -25.0989, 1883.9364, -0.0106, 4.4914, 0.0500, 1.6956
2288.740,96.54, -30.88, 1907.67, 1042.35, 345.94, -0.2719, -0.3319, -1.5401, 90.6589, -30.0450, 1889.8040, 0.0576, 1.2006, 0.0500, 0.6823
2294.540,96.59, -35.75, 1913.29, 1041.33, 325.60, -0.2748, -0.3347, -1.5395, 90.7061, -34.9861, 1895.4171, 0.0004, 6.1768, 0.0500, 3.0000
2300.185,96.69, -40.61, 1919.28, 1040.47, 305.48, -0.2807, -0.3374, -1.5389, 90.7738, -39.9404, 1901.4205, 0.0484, 1.0067, 0.0500, 3.0000
2306.250,96.76, -45.43, 1924.09, 1039.72, 285.56, -0.2892, -0.3394, -1.5387, 90.7733, -44.8647, 1906.2472, 1.3551, 0.5771, 0.0500, 3.0000
2311.833,96.85, -50.29, 1929.89, 1038.86, 265.64, -0.2947, -0.3412, -1.5377, 90.8222, -49.8098, 1912.0627, 1.5733, 0.4506, 0.0500, 3.0000
2317.052,96.96, -55.17, 1935.84, 1038.04, 245.77, -0.2993, -0.3421, -1.5377, 90.8893, -54.7517, 1918.0164, 1.0619, 1.6667, 0.0181, 2.8602
2322.222,96.92, -59.95, 1938.91, 1037.22, 226.07, -0.3045, -0.3434, -1.5369, 90.8076, -59.6073, 1921.1060, 0.2060, -0.2200, 0.0500, 0.9502
2327.844,97.31, -65.07, 1949.42, 1036.63, 206.07, -0.3087, -0.3384, -1.5381, 91.0987, -64.7007, 1931.6532, 2.3579, 6.6240, 0.0500, 1.3112
