Time-Stame, X-position, Y-position, Z-position, X-pixel, Y-pixel, Rotation-vector, Translation-vector, mua, mus, muaLUT, musLUT
0.000,64.07, 83.39, 1746.98, 927.10, 865.93, -0.2680, -0.1759, 0.0199, 59.4725, 72.6167, 1732.2432, 1.0042, 1.5265, 0.0500, 0.7755
5.202,59.23, 83.44, 1750.45, 903.60, 865.41, -0.2618, -0.1672, 0.0210, 54.5020, 72.7556, 1735.6871, 0.0710, -0.1310, 0.0500, 3.0000
9.969,54.30, 83.43, 1755.07, 879.61, 864.30, -0.2477, -0.1655, 0.0223, 49.5618, 72.9326, 1740.1690, 0.1607, 0.0728, 0.0500, 0.8803
14.704,49.40, 83.50, 1758.87, 856.04, 863.82, -0.2420, -0.1582, 0.0228, 44.5569, 73.0914, 1743.9493, 1.2169, 1.1605, 0.0500, 0.9386
20.312,44.49, 83.46, 1761.96, 832.59, 862.94, -0.2304, -0.1492, 0.0238, 39.5226, 73.2145, 1746.9607, 0.0133, 3.8315, 0.0500, 1.2297
25.029,39.54, 83.43, 1765.45, 808.97, 862.04, -0.2188, -0.1430, 0.0247, 34.4828, 73.3520, 1750.3724, -0.0017, 5.6316, 0.0500, 3.0000
29.959,34.52, 83.34, 1769.57, 785.08, 860.76, -0.2016, -0.1409, 0.0257, 29.4450, 73.5173, 1754.3357, 2.9477, 1.5936, 0.0500, 0.9851
34.732,29.67, 83.34, 1774.16, 762.01, 859.77, -0.1884, -0.1273, 0.0269, 24.3843, 73.7128, 1758.8713, -0.0004, 4.0676, 0.0500, 0.1233
39.433,24.66, 83.33, 1775.91, 738.55, 859.32, -0.1823, -0.1192, 0.0278, 19.2549, 73.7838, 1760.6066, 0.8509, 1.6958, 0.0500, 1.8004
44.327,19.78, 83.33, 1779.40, 715.64, 858.55, -0.1718, -0.1038, 0.0289, 14.1408, 73.9365, 1764.0863, 0.0671, 0.1606, 0.0207, 3.0000
49.213,14.88, 83.25, 1783.77, 692.69, 857.29, -0.1544, -0.0889, 0.0302, 9.0157, 74.1216, 1768.3859, -0.0025, 5.9517, 0.0500, 3.0000
54.075,9.95, 83.12, 1788.12, 669.69, 855.74, -0.1333, -0.0748, 0.0314, 3.8654, 74.2997, 1772.6391, -0.0021, 3.0670, 0.0500, 0.6590
59.238,5.01, 82.90, 1791.99, 646.81, 853.94, -0.1080, -0.0597, 0.0322, -1.3039, 74.4657, 1776.3817, 0.1930, 0.1037, 0.0500, 0.7639
64.555,1.02, 82.38, 1794.92, 628.36, 850.99, -0.0659, 0.0151, 0.0323, -6.4904, 74.6064, 1779.5050, 1.2052, 8.0316, 0.0500, 3.0000
70.023,-3.43, 82.89, 1791.32, 607.85, 854.04, -0.1068, 0.0634, 0.0329, -11.6552, 74.4873, 1776.6157, 1.6859, 0.4690, 0.0500, 3.0000
75.162,-8.32, 83.18, 1788.55, 585.17, 855.92, -0.1318, 0.0810, 0.0340, -16.7955, 74.3999, 1774.2093, 0.8118, 1.6047, 0.0500, 0.9269
80.314,-13.19, 83.25, 1785.12, 562.53, 857.00, -0.1456, 0.1000, 0.0354, -21.9258, 74.2700, 1771.0618, 1.5336, 0.4415, 0.0500, 3.0000
85.242,-18.09, 83.40, 1780.62, 539.64, 858.64, -0.1672, 0.1157, 0.0364, -27.0236, 74.1075, 1766.9007, 0.0902, -0.1426, 0.0500, 3.0000
90.747,-23.04, 83.48, 1777.58, 516.43, 859.66, -0.1801, 0.1266, 0.0375, -32.1190, 74.0022, 1764.0773, 0.7374, -0.7946, 0.0500, 1.5675
96.078,-28.06, 83.55, 1776.15, 492.98, 860.30, -0.1882, 0.1338, 0.0387, -37.2212, 73.9552, 1762.7957, -0.0056, 5.5614, 0.0500, 0.7522
101.018,-33.01, 83.60, 1772.71, 469.63, 861.25, -0.2001, 0.1427, 0.0398, -42.2756, 73.8326, 1759.5497, 1.2998, 0.4108, 0.0500, 3.0000
106.161,-37.95, 83.69, 1767.90, 446.10, 862.73, -0.2190, 0.1497, 0.0408, -47.2833, 73.6635, 1754.9872, 1.6606, 6.2830, 0.0500, 3.0000
111.409,-42.87, 83.71, 1764.76, 422.72, 863.49, -0.2283, 0.1573, 0.0415, -52.2951, 73.5552, 1752.0099, 1.4591, 0.8905, 0.0500, 0.6357
115.919,-47.83, 83.73, 1762.74, 399.20, 864.02, -0.2341, 0.1643, 0.0424, -57.3395, 73.4929, 1750.1251, 1.0041, 0.4048, 0.0500, 1.0900
120.973,-52.76, 83.77, 1759.40, 375.58, 864.92, -0.2448, 0.1698, 0.0439, -62.3245, 73.3803, 1746.9448, 0.1203, -0.1679, 0.0498, 0.6707
125.776,-57.61, 83.72, 1754.97, 352.08, 865.69, -0.2537, 0.1772, 0.0446, -67.2585, 73.2177, 1742.6728, 1.2422, 0.8820, 0.0500, 0.9153
130.921,-62.52, 83.71, 1752.30, 328.52, 866.21, -0.2592, 0.1827, 0.0455, -72.2218, 73.1275, 1740.1195, 1.7337, 0.4162, 0.0500, 0.1000
136.438,-67.31, 83.67, 1748.33, 305.15, 866.93, -0.2669, 0.1912, 0.0463, -77.1166, 72.9930, 1736.3134, 0.0001, 9.4532, 0.0464, 0.5309
141.778,-72.13, 83.66, 1744.29, 281.56, 867.79, -0.2767, 0.1968, 0.0470, -81.9908, 72.8587, 1732.4368, 0.1648, 0.1115, 0.0500, 0.7289
147.634,-77.03, 83.67, 1740.80, 257.62, 868.63, -0.2865, 0.1982, 0.0488, -86.8734, 72.7325, 1729.0594, 1.7826, 0.4770, 0.0500, 3.0000
153.466,-81.92, 83.71, 1738.29, 233.77, 869.37, -0.2945, 0.2018, 0.0498, -91.7998, 72.6632, 1726.6788, -0.0039, 8.7559, 0.0500, 3.0000
302.132,65.50, 59.30, 1790.49, 926.30, 747.05, -0.2955, -0.1347, 0.0198, 60.2258, 48.1672, 1776.2565, 1.0149, 1.1365, 0.0500, 0.8803
311.498,60.56, 59.31, 1793.51, 903.04, 746.63, -0.2904, -0.1283, 0.0206, 55.2042, 48.2449, 1779.2469, 0.1523, 0.1163, 0.0500, 0.8221
316.745,55.68, 59.31, 1797.93, 879.89, 745.95, -0.2818, -0.1204, 0.0216, 50.2102, 48.3614, 1783.6253, 2.6798, 7.4558, 0.0500, 0.9618
321.759,50.78, 59.34, 1802.34, 856.76, 745.43, -0.2750, -0.1123, 0.0221, 45.1888, 48.4879, 1788.0051, 0.0494, 0.1879, 0.0500, 1.1133
327.425,45.82, 59.38, 1805.48, 833.62, 745.15, -0.2715, -0.1047, 0.0234, 40.1197, 48.5749, 1791.1468, 3.1107, 8.3084, 0.0500, 1.6257
332.591,40.87, 59.39, 1808.25, 810.64, 744.80, -0.2669, -0.0944, 0.0244, 35.0177, 48.6533, 1793.9348, 0.0484, 0.3857, 0.0117, 1.5442
338.367,35.80, 59.41, 1810.04, 787.33, 744.61, -0.2642, -0.0898, 0.0251, 29.8923, 48.7069, 1795.7199, 1.1660, 1.8614, 0.0500, 1.6606
343.431,30.90, 59.37, 1813.43, 764.65, 743.95, -0.2549, -0.0758, 0.0262, 24.7822, 48.8022, 1799.0980, -0.4696, 0.5420, 0.0500, 3.0000
348.664,25.91, 59.37, 1816.02, 741.70, 743.56, -0.2496, -0.0657, 0.0274, 19.6424, 48.8732, 1801.7001, 0.0210, 0.2490, 0.0500, 1.0783
353.984,20.89, 59.33, 1817.97, 718.76, 743.11, -0.2431, -0.0557, 0.0286, 14.4865, 48.9280, 1803.6440, 0.0669, 0.1664, 0.0500, 0.6357
359.093,15.95, 59.32, 1820.40, 696.15, 742.71, -0.2371, -0.0410, 0.0295, 9.3192, 49.0033, 1806.1158, -0.0005, 6.0627, 0.0500, 1.3811
364.771,10.93, 59.34, 1822.17, 673.28, 742.51, -0.2340, -0.0300, 0.0306, 4.1380, 49.0607, 1807.9320, -0.0028, 4.3123, 0.0049, 3.0000
370.367,5.97, 59.32, 1824.36, 650.74, 742.14, -0.2284, -0.0147, 0.0319, -1.0399, 49.1263, 1810.1680, 1.1141, 1.6817, 0.0500, 1.1249
375.352,0.99, 59.31, 1824.68, 628.15, 742.04, -0.2266, -0.0001, 0.0326, -6.2391, 49.1453, 1810.5712, 0.0534, 0.1784, 0.0500, 0.6707
380.287,-3.96, 59.36, 1824.41, 605.72, 742.30, -0.2296, 0.0165, 0.0341, -11.4210, 49.1509, 1810.4568, 0.0048, 2.3298, 0.0442, 1.5092
384.918,-8.95, 59.37, 1823.19, 583.06, 742.50, -0.2319, 0.0306, 0.0355, -16.6104, 49.1217, 1809.3751, 0.0285, 1.0797, 0.0500, 1.2996
390.152,-13.93, 59.38, 1822.96, 560.44, 742.61, -0.2328, 0.0442, 0.0367, -21.7841, 49.1275, 1809.2640, 1.3887, 9.6876, 0.0500, 3.0000
394.844,-18.86, 59.44, 1820.86, 537.98, 743.15, -0.2393, 0.0599, 0.0378, -26.9294, 49.0917, 1807.3573, 1.5771, 0.4512, 0.0500, 0.1116
399.785,-23.91, 59.49, 1817.97, 514.86, 743.81, -0.2476, 0.0673, 0.0389, -32.0737, 49.0266, 1804.6099, 0.3546, 21.4372, 0.0500, 3.0000
405.071,-28.91, 59.52, 1816.00, 491.96, 744.25, -0.2531, 0.0766, 0.0399, -37.1971, 48.9861, 1802.7749, -0.0041, 7.0443, 0.0500, 3.0000
410.098,-33.86, 59.55, 1814.10, 469.25, 744.63, -0.2575, 0.0895, 0.0412, -42.3174, 48.9484, 1801.0320, 0.1198, -0.2240, 0.0500, 0.9153
415.513,-38.81, 59.57, 1812.11, 446.49, 745.03, -0.2621, 0.1009, 0.0423, -47.4146, 48.9111, 1799.1860, 0.1160, 0.1320, 0.0500, 3.0000
421.041,-43.80, 59.55, 1810.39, 423.53, 745.19, -0.2632, 0.1092, 0.0435, -52.5074, 48.8736, 1797.5616, 0.0081, 1.3131, 0.0500, 0.7639
427.072,-48.67, 59.54, 1805.71, 400.69, 745.83, -0.2705, 0.1189, 0.0442, -57.5042, 48.7661, 1793.0429, 0.1083, 0.6644, 0.0500, 0.9735
432.425,-53.59, 59.50, 1802.77, 377.76, 746.09, -0.2726, 0.1280, 0.0449, -62.5389, 48.7010, 1790.2097, -0.0026, 7.5009, 0.0500, 0.1349
437.871,-58.51, 59.59, 1799.55, 354.67, 746.97, -0.2834, 0.1356, 0.0460, -67.5491, 48.6455, 1787.1743, -0.0018, 2.7854, 0.0500, 0.7522
443.200,-63.53, 59.67, 1797.55, 331.30, 747.64, -0.2917, 0.1400, 0.0473, -72.6027, 48.6148, 1785.2999, 0.0617, 0.1601, 0.0500, 0.6474
448.596,-68.42, 59.66, 1793.81, 308.12, 748.17, -0.2973, 0.1462, 0.0488, -77.5635, 48.5293, 1781.6844, 0.1494, 0.1187, 0.0500, 3.0000
454.331,-73.34, 59.68, 1791.20, 284.92, 748.66, -0.3027, 0.1521, 0.0493, -82.5546, 48.4819, 1779.1858, -0.0023, 2.2308, 0.0500, 0.8687
460.763,-78.17, 59.73, 1786.89, 261.74, 749.55, -0.3134, 0.1595, 0.0507, -87.4596, 48.3972, 1775.0637, 0.0490, 0.1883, 0.0500, 0.1000
467.593,-82.94, 59.68, 1782.33, 238.70, 750.02, -0.3178, 0.1672, 0.0518, -92.3109, 48.2905, 1770.6306, 1.3267, 1.6591, 0.0500, 3.0000
662.965,66.94, 35.02, 1829.34, 926.40, 633.32, -0.3281, -0.1100, 0.0189, 61.2622, 23.4600, 1815.5951, 1.3207, 4.4333, 0.0500, 0.7871
668.660,61.92, 34.97, 1831.05, 903.42, 632.99, -0.3233, -0.1043, 0.0201, 56.1658, 23.4807, 1817.2918, 0.0008, 7.9795, 0.0500, 2.1149
676.234,57.00, 34.98, 1834.35, 880.77, 632.76, -0.3205, -0.0952, 0.0210, 51.1224, 23.5314, 1820.6095, 0.0194, 0.9940, 0.0500, 1.6373
681.301,51.97, 34.94, 1836.37, 857.80, 632.41, -0.3159, -0.0897, 0.0218, 46.0117, 23.5531, 1822.6153, 0.0901, 0.1503, 0.0500, 0.1000
687.816,46.94, 34.92, 1839.21, 834.80, 632.06, -0.3109, -0.0850, 0.0231, 40.9194, 23.5896, 1825.4325, 0.1214, 0.1285, 0.0500, 0.7406
693.437,41.98, 34.92, 1840.45, 812.40, 631.98, -0.3096, -0.0715, 0.0242, 35.7737, 23.6160, 1826.7380, 0.1370, -0.1455, 0.0500, 3.0000
698.955,36.98, 34.87, 1844.84, 789.51, 631.39, -0.3016, -0.0659, 0.0250, 30.6907, 23.6745, 1831.0675, 0.0258, 0.2321, 0.0500, 0.9968
704.848,31.93, 34.89, 1845.92, 766.76, 631.39, -0.3018, -0.0577, 0.0265, 25.5257, 23.6890, 1832.2080, 0.0221, 0.4522, 0.0500, 0.7056
710.784,26.89, 34.86, 1847.63, 744.10, 631.12, -0.2974, -0.0485, 0.0276, 20.3653, 23.7187, 1833.9335, 0.1698, 0.1118, 0.0045, 3.0000
716.910,21.89, 34.86, 1850.11, 721.57, 630.89, -0.2938, -0.0379, 0.0286, 15.2125, 23.7633, 1836.4438, 0.0041, 1.4356, 0.0500, 3.0000
722.327,16.86, 34.86, 1851.12, 699.03, 630.81, -0.2922, -0.0272, 0.0299, 10.0297, 23.7856, 1837.5081, -0.0022, 4.6273, 0.0500, 1.0084
728.114,11.73, 34.84, 1852.55, 676.06, 630.61, -0.2889, -0.0227, 0.0310, 4.8421, 23.8087, 1838.9403, 0.0511, 0.1856, 0.0388, 0.7871
733.966,6.75, 34.86, 1853.45, 653.81, 630.64, -0.2889, -0.0081, 0.0320, -0.3467, 23.8367, 1839.9363, 0.0340, 0.5541, 0.0500, 0.6124
740.248,1.61, 34.88, 1853.13, 630.85, 630.73, -0.2896, -0.0037, 0.0330, -5.5466, 23.8384, 1839.6622, 0.0133, 4.6199, 0.0500, 0.8337
747.241,-3.41, 34.85, 1854.32, 608.45, 630.49, -0.2852, 0.0084, 0.0348, -10.7315, 23.8619, 1840.8968, 0.9336, 1.4924, 0.0500, 3.0000
753.447,-8.40, 34.87, 1853.94, 586.17, 630.63, -0.2866, 0.0222, 0.0353, -15.9210, 23.8755, 1840.6295, 0.0747, 0.1535, 0.0500, 3.0000
760.678,-13.51, 34.88, 1854.40, 563.40, 630.63, -0.2858, 0.0292, 0.0367, -21.1167, 23.8888, 1841.1355, 0.0543, 0.1810, 0.0500, 0.7755
766.834,-18.63, 34.91, 1853.81, 540.52, 630.81, -0.2878, 0.0341, 0.0374, -26.3059, 23.8935, 1840.6090, 1.3246, 1.2827, 0.0500, 1.5791
773.348,-23.57, 34.98, 1850.18, 518.29, 631.40, -0.2951, 0.0487, 0.0393, -31.4321, 23.8595, 1837.1763, 0.0104, 1.2689, 0.0135, 2.2546
781.999,-28.63, 34.96, 1852.23, 495.80, 631.18, -0.2913, 0.0591, 0.0403, -36.6351, 23.8995, 1839.2733, 1.7628, 10.4506, 0.0500, 3.0000
788.370,-33.65, 35.04, 1848.90, 473.13, 631.79, -0.2987, 0.0664, 0.0412, -41.7432, 23.8786, 1836.0815, -0.0032, 5.9272, 0.0500, 3.0000
795.312,-38.61, 35.06, 1846.59, 450.68, 632.06, -0.3010, 0.0767, 0.0427, -46.8425, 23.8646, 1833.8824, 0.9360, 1.5628, 0.0500, 3.0000
801.067,-43.62, 35.08, 1845.13, 428.11, 632.29, -0.3034, 0.0848, 0.0429, -51.9561, 23.8628, 1832.5185, 0.0047, 3.5616, 0.0500, 1.3578
806.663,-48.56, 35.12, 1841.43, 405.49, 632.76, -0.3081, 0.0935, 0.0451, -57.0028, 23.8292, 1828.9499, -0.0100, 4.3975, 0.0500, 1.1249
811.879,-53.68, 35.15, 1842.21, 382.59, 632.85, -0.3087, 0.0963, 0.0449, -62.1626, 23.8613, 1829.7546, 0.0282, 0.2258, 0.0500, 0.8104
818.539,-58.52, 35.18, 1838.66, 360.37, 633.26, -0.3126, 0.1113, 0.0471, -67.1833, 23.8332, 1826.3794, 0.0625, 0.1712, 0.0304, 0.7988
824.308,-63.51, 35.25, 1835.47, 337.42, 633.86, -0.3199, 0.1165, 0.0479, -72.2317, 23.8127, 1823.3183, -0.0013, 3.9089, 0.0500, 1.2297
830.041,-68.57, 35.29, 1832.77, 314.17, 634.24, -0.3240, 0.1167, 0.0483, -77.2831, 23.7924, 1820.6684, 0.0028, 3.1392, 0.0500, 1.3928
836.226,-73.47, 35.38, 1830.79, 291.67, 634.84, -0.3311, 0.1284, 0.0509, -82.3189, 23.7913, 1818.8747, -0.0254, -2.2934, 0.0133, 1.9635
841.887,-78.49, 35.44, 1827.40, 268.34, 635.37, -0.3373, 0.1269, 0.0506, -87.3120, 23.7711, 1815.5445, 1.2221, 0.2195, 0.0500, 0.1000
847.800,-83.37, 35.48, 1824.99, 245.74, 635.78, -0.3417, 0.1370, 0.0521, -92.3101, 23.7597, 1813.2761, 0.0131, 3.0364, 0.0500, 3.0000
1005.466,66.83, 10.40, 1863.11, 920.43, 523.01, -0.3579, -0.0919, 0.0183, 60.8611, -1.5317, 1849.8203, 0.0464, 0.1928, 0.0500, 0.1000
1013.069,61.87, 10.38, 1865.49, 898.05, 522.89, -0.3564, -0.0830, 0.0202, 55.7836, -1.5279, 1852.2424, 0.0017, 3.0721, 0.0500, 0.7988
1021.396,56.80, 10.37, 1866.53, 875.41, 522.79, -0.3549, -0.0776, 0.0212, 50.6379, -1.5260, 1853.2946, 0.1913, 0.1051, 0.0500, 3.0000
1028.420,51.74, 10.29, 1869.30, 852.65, 522.40, -0.3490, -0.0746, 0.0219, 45.5422, -1.5257, 1856.0122, -0.0030, 3.0332, 0.0500, 0.8337
1034.365,46.73, 10.29, 1871.37, 830.27, 522.36, -0.3482, -0.0659, 0.0230, 40.4182, -1.5139, 1858.1282, 0.1871, 0.1078, 0.0500, 1.8819
1039.459,41.73, 10.16, 1875.60, 807.74, 521.71, -0.3389, -0.0593, 0.0241, 35.3291, -1.5189, 1862.2922, 3.8685, 9.7032, 0.0500, 0.7755
1045.005,36.68, 10.21, 1877.24, 785.31, 521.88, -0.3412, -0.0522, 0.0250, 30.1761, -1.4988, 1864.0104, 0.0792, 0.1554, 0.0500, 0.7056
1050.085,31.58, 10.19, 1877.65, 762.80, 521.75, -0.3386, -0.0461, 0.0264, 24.9971, -1.4960, 1864.4338, -0.0033, 3.7691, 0.0500, 1.0550
1055.229,26.52, 10.19, 1878.74, 740.46, 521.76, -0.3382, -0.0373, 0.0275, 19.8228, -1.4829, 1865.5794, 0.0744, 0.1593, 0.0500, 0.7173
1060.785,21.39, 10.18, 1879.52, 717.85, 521.68, -0.3369, -0.0327, 0.0284, 14.6352, -1.4808, 1866.3734, 0.7244, 6.2886, 0.0500, 0.9153
1066.108,16.36, 10.18, 1881.32, 695.63, 521.61, -0.3354, -0.0222, 0.0300, 9.4627, -1.4678, 1868.2291, 1.4475, 1.1698, 0.0500, 1.3578
1071.271,11.24, 10.18, 1881.17, 673.11, 521.62, -0.3350, -0.0164, 0.0312, 4.2672, -1.4640, 1868.1171, 0.1092, 0.1348, 0.0500, 0.6241
1076.381,6.19, 10.17, 1882.99, 650.88, 521.57, -0.3335, -0.0066, 0.0320, -0.9198, -1.4442, 1869.9881, 1.1686, 6.2410, 0.0500, 1.1831
1081.119,1.08, 10.18, 1882.06, 628.43, 521.60, -0.3332, 0.0007, 0.0333, -6.1242, -1.4399, 1869.1128, 1.1449, 1.1342, 0.0500, 1.7422
1086.109,-4.01, 10.21, 1882.73, 606.03, 521.73, -0.3347, 0.0078, 0.0340, -11.3177, -1.4224, 1869.8493, 0.0353, 0.2114, 0.0500, 0.1000
1090.841,-9.12, 10.22, 1881.71, 583.58, 521.78, -0.3344, 0.0147, 0.0352, -16.5124, -1.4144, 1868.8826, 0.1139, -0.2238, 0.0500, 0.8337
1095.781,-14.20, 10.24, 1882.11, 561.25, 521.89, -0.3354, 0.0226, 0.0362, -21.6981, -1.3992, 1869.3485, 1.0479, 1.8964, 0.0500, 0.1000
1100.727,-19.24, 10.26, 1881.09, 539.06, 521.99, -0.3356, 0.0323, 0.0381, -26.8598, -1.3890, 1868.4132, 2.0590, 0.4337, 0.0500, 3.0000
1106.367,-24.35, 10.22, 1882.86, 516.69, 521.78, -0.3320, 0.0398, 0.0390, -32.0686, -1.3810, 1870.2017, 1.2481, 3.3850, 0.0500, 3.0000
1111.647,-29.38, 10.33, 1880.59, 494.43, 522.28, -0.3379, 0.0479, 0.0406, -37.1976, -1.3558, 1868.0594, 0.0048, 1.8630, 0.0131, 3.0000
1116.850,-34.42, 10.35, 1879.38, 472.15, 522.41, -0.3388, 0.0551, 0.0414, -42.3340, -1.3435, 1866.9194, -0.0048, 6.3045, 0.0131, 3.0000
1122.288,-39.50, 10.42, 1878.64, 449.73, 522.74, -0.3425, 0.0611, 0.0426, -47.4822, -1.3209, 1866.2783, 3.9213, 9.7815, 0.0500, 3.0000
1127.579,-44.51, 10.43, 1876.71, 427.46, 522.84, -0.3429, 0.0678, 0.0439, -52.5768, -1.3159, 1864.4051, 0.0135, 1.2459, 0.0500, 0.9153
1132.891,-49.57, 10.45, 1875.74, 405.06, 522.95, -0.3426, 0.0743, 0.0449, -57.7140, -1.2942, 1863.4886, 1.9457, 0.3690, 0.0500, 3.0000
1139.466,-54.58, 10.54, 1873.36, 382.66, 523.41, -0.3485, 0.0811, 0.0464, -62.7998, -1.2781, 1861.2360, -0.0075, 5.2759, 0.0500, 0.1000
1145.935,-59.68, 10.56, 1872.87, 360.06, 523.50, -0.3487, 0.0846, 0.0470, -67.9426, -1.2633, 1860.7749, -0.0025, 4.5252, 0.0500, 2.0333
1151.517,-64.69, 10.58, 1871.53, 337.72, 523.59, -0.3483, 0.0908, 0.0484, -73.0284, -1.2491, 1859.4811, 0.0956, 0.1432, 0.0500, 1.0783
1157.371,-69.55, 10.73, 1866.36, 315.37, 524.38, -0.3583, 0.1003, 0.0497, -78.0026, -1.2200, 1854.5167, 0.9965, 4.6133, 0.0500, 0.9618
1163.127,-74.61, 10.73, 1864.95, 292.70, 524.41, -0.3569, 0.1039, 0.0499, -83.1085, -1.2021, 1853.1168, 0.2976, 0.0963, 0.0500, 0.7522
1169.986,-79.52, 10.87, 1860.70, 270.12, 525.13, -0.3660, 0.1085, 0.0514, -88.0563, -1.1780, 1849.0215, -0.0025, 5.6266, 0.0500, 3.0000
1175.703,-84.47, 10.88, 1859.38, 247.86, 525.22, -0.3652, 0.1176, 0.0524, -93.1182, -1.1530, 1847.7656, -0.0027, 6.3289, 0.0500, 1.0900
1365.869,67.19, -14.30, 1895.37, 916.95, 416.22, -0.3893, -0.0738, 0.0182, 60.9387, -26.6135, 1882.5684, 0.0416, 0.2000, 0.0500, 3.0000
1374.617,62.16, -14.42, 1898.11, 894.62, 415.82, -0.3827, -0.0693, 0.0192, 55.8568, -26.6454, 1885.2592, 1.3064, 1.3379, 0.0500, 1.1598
1380.431,57.08, -14.44, 1900.06, 872.22, 415.78, -0.3819, -0.0658, 0.0193, 50.7276, -26.6578, 1887.2212, 0.0081, 3.1193, 0.0500, 3.0000
1385.922,52.00, -14.44, 1900.94, 849.97, 415.81, -0.3816, -0.0600, 0.0210, 45.5704, -26.6581, 1888.1341, 0.0335, 0.2164, 0.0500, 0.7755
1391.864,46.89, -14.45, 1901.90, 827.64, 415.81, -0.3810, -0.0560, 0.0227, 40.4199, -26.6633, 1889.1112, -0.0086, 3.8935, 0.0500, 0.7639
1396.967,41.89, -14.57, 1905.98, 805.51, 415.41, -0.3746, -0.0491, 0.0229, 35.3240, -26.7021, 1893.1673, 2.8810, 7.7462, 0.0500, 1.1133
1402.448,36.76, -14.59, 1906.20, 783.23, 415.37, -0.3729, -0.0443, 0.0246, 30.1385, -26.6968, 1893.3954, 0.1290, 0.1240, 0.0500, 0.1233
1407.888,31.68, -14.62, 1908.84, 760.97, 415.30, -0.3711, -0.0393, 0.0266, 25.0000, -26.7187, 1896.0487, 1.5020, 0.5961, 0.0500, 3.0000
1413.510,26.61, -14.63, 1908.82, 738.99, 415.27, -0.3696, -0.0305, 0.0263, 19.7970, -26.6959, 1896.0653, 0.0603, 0.1719, 0.0500, 0.1000
1419.037,21.47, -14.60, 1909.16, 716.71, 415.39, -0.3703, -0.0262, 0.0275, 14.6077, -26.6823, 1896.4473, 0.0795, 0.1479, 0.0500, 3.0000
1425.268,16.35, -14.61, 1909.90, 694.50, 415.37, -0.3691, -0.0206, 0.0292, 9.4220, -26.6822, 1897.2173, -0.0031, 6.4743, 0.0500, 0.8104
1430.919,11.29, -14.62, 1910.99, 672.54, 415.40, -0.3684, -0.0116, 0.0298, 4.2341, -26.6692, 1898.3639, 0.0223, 0.2431, 0.0500, 0.6241
1436.301,6.20, -14.59, 1910.85, 650.51, 415.52, -0.3691, -0.0027, 0.0314, -0.9671, -26.6515, 1898.2937, 0.0040, 2.5009, 0.0203, 1.1715
1441.491,1.04, -14.61, 1912.06, 628.16, 415.47, -0.3673, -0.0002, 0.0317, -6.1629, -26.6475, 1899.4969, 1.2474, 0.8633, 0.0500, 1.0783
1446.769,-4.06, -14.60, 1912.43, 606.13, 415.52, -0.3669, 0.0074, 0.0331, -11.3519, -26.6352, 1899.9203, -0.0046, 6.4953, 0.0500, 1.5675
1452.145,-9.15, -14.52, 1910.34, 584.03, 415.78, -0.3698, 0.0150, 0.0348, -16.5435, -26.5975, 1897.9222, 0.0103, 1.0245, 0.0258, 0.7755
1457.654,-14.26, -14.57, 1913.30, 562.01, 415.65, -0.3666, 0.0229, 0.0362, -21.7505, -26.6132, 1900.9063, 1.1199, 1.3669, 0.0500, 1.2880
1462.976,-19.35, -14.56, 1912.65, 539.99, 415.68, -0.3656, 0.0303, 0.0372, -26.9329, -26.5870, 1900.3067, 1.8429, 1.0344, 0.0500, 0.7871
1468.106,-24.48, -14.49, 1910.91, 517.70, 415.92, -0.3675, 0.0329, 0.0380, -32.0941, -26.5449, 1898.6109, 0.0066, 1.8659, 0.0290, 1.4743
1473.454,-29.61, -14.46, 1911.53, 495.51, 416.07, -0.3683, 0.0377, 0.0393, -37.2841, -26.5273, 1899.2808, -0.0052, 6.3826, 0.0500, 1.1715
1479.159,-34.66, -14.42, 1909.97, 473.57, 416.21, -0.3687, 0.0446, 0.0408, -42.4085, -26.4909, 1897.7840, -0.0024, 7.0222, 0.0500, 3.0000
1484.544,-39.72, -14.36, 1908.73, 451.53, 416.44, -0.3702, 0.0505, 0.0408, -47.5525, -26.4400, 1896.6076, 0.0643, -0.1338, 0.0500, 3.0000
1489.847,-44.79, -14.26, 1908.78, 429.56, 416.84, -0.3750, 0.0570, 0.0420, -52.6981, -26.4063, 1896.7642, -0.0035, 2.8925, 0.0500, 1.9635
1495.557,-49.75, -14.13, 1904.69, 407.57, 417.29, -0.3795, 0.0664, 0.0442, -57.7732, -26.3306, 1892.8081, -0.0016, 7.3959, 0.0085, 1.8936
1501.016,-54.88, -14.14, 1904.11, 385.25, 417.21, -0.3763, 0.0697, 0.0446, -62.9386, -26.3050, 1892.2161, 1.5435, 0.9880, 0.0500, 3.0000
1506.980,-60.05, -14.11, 1903.92, 362.74, 417.34, -0.3767, 0.0705, 0.0452, -68.1170, -26.2820, 1892.0422, -0.0059, 4.8556, 0.0500, 3.0000
1512.821,-65.02, -14.02, 1902.06, 340.86, 417.65, -0.3796, 0.0791, 0.0471, -73.1881, -26.2357, 1890.2831, 3.0021, 1.4566, 0.0500, 0.9502
1518.252,-70.05, -13.94, 1900.97, 318.82, 417.98, -0.3832, 0.0845, 0.0483, -78.2743, -26.1954, 1889.2844, -0.0002, 11.4352, 0.0466, 1.6839
1524.024,-75.19, -13.89, 1899.97, 296.27, 418.13, -0.3836, 0.0885, 0.0490, -83.4653, -26.1578, 1888.3279, 2.4784, 13.8530, 0.0500, 3.0000
1529.990,-80.07, -13.74, 1895.55, 274.22, 418.66, -0.3891, 0.0940, 0.0504, -88.3981, -26.0719, 1884.0221, -0.0037, 6.0367, 0.0500, 3.0000
1537.423,-85.07, -13.65, 1893.48, 252.00, 418.96, -0.3910, 0.0999, 0.0515, -93.4649, -26.0112, 1882.0199, 1.2450, 6.6178, 0.0500, 0.9851
1754.219,67.92, -39.29, 1927.34, 915.23, 311.77, -0.4043, -0.0673, 0.0167, 61.5579, -51.7707, 1914.7531, 0.9203, 2.1131, 0.0500, 0.7988
1765.018,62.87, -39.27, 1928.13, 893.43, 311.94, -0.4059, -0.0596, 0.0186, 56.4108, -51.7688, 1915.6175, 1.3235, 0.5408, 0.0500, 0.9968
1770.572,57.86, -39.29, 1930.82, 871.57, 312.06, -0.4071, -0.0533, 0.0199, 51.3167, -51.8105, 1918.3628, 1.4436, 1.2278, 0.0500, 0.7406
1776.046,52.72, -39.29, 1931.13, 849.53, 312.12, -0.4064, -0.0495, 0.0204, 46.1288, -51.7943, 1918.6890, -0.0027, 6.5971, 0.0500, 3.0000
1781.563,47.65, -39.37, 1934.00, 827.51, 312.02, -0.4039, -0.0455, 0.0218, 41.0171, -51.8502, 1921.5640, -0.0066, -1.7247, 0.0500, 3.0000
1787.006,42.52, -39.32, 1933.40, 805.61, 312.16, -0.4046, -0.0395, 0.0229, 35.8086, -51.8133, 1921.0150, 0.0730, 0.1612, 0.0500, 1.3345
1792.242,37.34, -39.41, 1935.52, 783.29, 311.98, -0.4010, -0.0406, 0.0233, 30.6512, -51.8597, 1923.0842, 0.0071, 1.8337, 0.0500, 0.8920
1797.142,32.30, -39.41, 1936.44, 761.66, 312.07, -0.4014, -0.0308, 0.0250, 25.4811, -51.8611, 1924.0754, 3.7515, 9.3714, 0.0500, 0.8454
1802.520,27.21, -39.51, 1939.23, 739.75, 311.88, -0.3972, -0.0263, 0.0258, 20.3344, -51.9109, 1926.8480, 1.2806, 0.5128, 0.0500, 3.0000
1807.400,22.05, -39.46, 1938.38, 717.79, 312.01, -0.3977, -0.0216, 0.0269, 15.1203, -51.8701, 1926.0362, 0.8508, 7.3619, 0.0500, 0.8920
1813.771,16.95, -39.49, 1939.35, 695.96, 311.97, -0.3956, -0.0154, 0.0281, 9.9354, -51.8761, 1927.0207, 0.0126, 3.2896, 0.0500, 0.6241
1819.503,11.84, -39.50, 1940.54, 674.14, 312.03, -0.3952, -0.0096, 0.0297, 4.7572, -51.8850, 1928.2483, 0.0715, 0.1619, 0.0500, 3.0000
1824.770,6.68, -39.47, 1940.33, 652.18, 312.14, -0.3958, -0.0053, 0.0305, -0.4482, -51.8600, 1928.0776, -0.0003, 2.7365, 0.0500, 0.6707
1830.662,1.56, -39.45, 1940.95, 630.33, 312.28, -0.3964, 0.0006, 0.0317, -5.6444, -51.8496, 1928.7487, 1.0939, 2.8882, 0.0500, 0.6940
1835.923,-3.54, -39.38, 1940.96, 608.60, 312.55, -0.3992, 0.0081, 0.0339, -10.8270, -51.8256, 1928.8566, 0.2061, 0.1042, 0.0500, 0.1000
1841.586,-8.68, -39.45, 1942.85, 586.72, 312.45, -0.3961, 0.0131, 0.0344, -16.0360, -51.8466, 1930.7391, -0.0022, 6.9419, 0.0500, 0.1000
1846.663,-13.84, -39.35, 1941.40, 564.71, 312.72, -0.3983, 0.0160, 0.0349, -21.2300, -51.7802, 1929.3461, 1.0763, 1.2641, 0.0500, 0.8920
1851.931,-18.91, -39.29, 1939.86, 543.05, 312.86, -0.3979, 0.0239, 0.0357, -26.4021, -51.7074, 1927.8510, -0.0040, 6.3768, 0.0500, 1.1365
1857.353,-24.01, -39.27, 1939.65, 521.25, 312.91, -0.3967, 0.0294, 0.0367, -31.5792, -51.6760, 1927.6783, 1.2634, 0.7912, 0.0083, 3.0000
1862.224,-29.12, -39.20, 1938.19, 499.37, 313.11, -0.3984, 0.0337, 0.0380, -36.7351, -51.6250, 1926.2720, 0.0511, 0.1857, 0.0500, 1.8004
1867.480,-34.27, -39.25, 1940.12, 477.53, 313.05, -0.3960, 0.0385, 0.0394, -41.9419, -51.6518, 1928.2085, 0.1939, 0.1051, 0.0500, 3.0000
1872.452,-39.37, -39.20, 1939.86, 455.79, 313.24, -0.3969, 0.0418, 0.0404, -47.0699, -51.6151, 1927.9877, -0.0027, 2.3368, 0.0500, 0.1000
1878.189,-44.42, -39.05, 1937.20, 433.97, 313.62, -0.4006, 0.0493, 0.0421, -52.2104, -51.5203, 1925.4328, 1.1748, 0.9756, 0.0500, 3.0000
1883.520,-49.48, -38.92, 1934.54, 412.07, 313.94, -0.4035, 0.0543, 0.0429, -57.3303, -51.4241, 1922.8512, 0.0465, 0.1915, 0.0500, 3.0000
1888.635,-54.59, -38.86, 1933.48, 390.10, 314.13, -0.4045, 0.0590, 0.0443, -62.4881, -51.3734, 1921.8441, 0.0658, 0.1683, 0.0500, 1.8004
1894.422,-59.69, -38.86, 1934.32, 368.40, 314.19, -0.4040, 0.0651, 0.0452, -67.6622, -51.3687, 1922.7195, 0.1019, 0.1387, 0.0500, 3.0000
1899.960,-64.79, -38.84, 1934.01, 346.54, 314.27, -0.4030, 0.0704, 0.0467, -72.8213, -51.3361, 1922.4504, -0.0041, 6.3541, 0.0500, 0.9386
1905.356,-69.88, -38.74, 1932.45, 324.52, 314.56, -0.4057, 0.0745, 0.0481, -77.9521, -51.2743, 1920.9592, 0.0374, 1.2999, 0.0500, 3.0000
1911.239,-74.88, -38.54, 1928.03, 302.37, 315.02, -0.4102, 0.0748, 0.0482, -82.9534, -51.1296, 1916.5924, -0.0015, 5.7650, 0.0051, 3.0000
1917.168,-79.93, -38.47, 1927.02, 280.51, 315.22, -0.4116, 0.0793, 0.0499, -88.0522, -51.0838, 1915.6394, 0.0692, 0.1623, 0.0500, 3.0000
1922.894,-84.97, -38.45, 1926.04, 258.72, 315.22, -0.4094, 0.0860, 0.0511, -93.1639, -51.0403, 1914.6883, -0.0071, 3.7888, 0.0500, 3.0000
2089.853,68.57, -64.23, 1955.99, 913.69, 210.50, -0.4333, -0.0587, 0.0199, 62.1037, -77.0688, 1943.8298, 1.4646, 0.4210, 0.0500, 1.1598
2095.458,63.55, -64.39, 1959.47, 892.01, 210.28, -0.4296, -0.0545, 0.0209, 57.0399, -77.1929, 1947.2907, 0.2327, 0.0992, 0.0500, 0.6940
2100.673,58.43, -64.39, 1959.52, 870.38, 210.30, -0.4297, -0.0488, 0.0224, 51.8500, -77.1946, 1947.3839, 0.0015, 2.3037, 0.0500, 0.6823
2106.194,53.37, -64.47, 1960.91, 848.82, 210.16, -0.4262, -0.0431, 0.0233, 46.7094, -77.2302, 1948.7648, 0.9612, 1.3598, 0.0500, 0.1349
2111.641,48.21, -64.47, 1960.58, 827.10, 210.12, -0.4248, -0.0393, 0.0246, 41.5095, -77.2142, 1948.4447, 0.0891, -0.1673, 0.0500, 0.1000
2116.670,43.11, -64.52, 1961.84, 805.46, 210.08, -0.4237, -0.0342, 0.0253, 36.3435, -77.2504, 1949.7267, 0.3210, -0.3722, 0.0500, 0.1000
2122.063,38.00, -64.56, 1963.56, 783.77, 210.15, -0.4241, -0.0307, 0.0258, 31.1878, -77.2940, 1951.4821, -0.0013, 2.1266, 0.0500, 1.6606
2128.564,32.88, -64.62, 1964.73, 762.13, 210.06, -0.4216, -0.0259, 0.0274, 26.0183, -77.3302, 1952.6478, 1.6855, 4.9401, 0.0179, 3.0000
2133.390,27.77, -64.70, 1966.50, 740.53, 209.99, -0.4202, -0.0210, 0.0284, 20.8508, -77.3886, 1954.4434, 1.2266, 1.1515, 0.0500, 0.7056
2139.319,22.66, -64.77, 1967.75, 718.92, 209.86, -0.4174, -0.0160, 0.0297, 15.6711, -77.4287, 1955.6916, 0.0038, 5.9418, 0.0500, 1.0201
2145.000,17.57, -64.79, 1968.95, 697.49, 209.93, -0.4177, -0.0088, 0.0306, 10.4898, -77.4539, 1956.9421, 0.0889, -0.1380, 0.0500, 1.2763
2150.924,12.42, -64.83, 1969.99, 675.83, 209.90, -0.4165, -0.0050, 0.0322, 5.3013, -77.4856, 1957.9981, -0.0053, 3.4705, 0.0488, 0.1349
2156.499,7.31, -64.83, 1970.45, 654.35, 209.99, -0.4174, 0.0016, 0.0332, 0.1076, -77.4888, 1958.5180, 0.0053, 1.7840, 0.0500, 3.0000
2161.975,2.18, -64.76, 1970.29, 632.82, 210.23, -0.4203, 0.0072, 0.0347, -5.0869, -77.4632, 1958.4414, -0.0031, 3.9133, 0.0500, 1.9867
2167.048,-3.00, -64.82, 1971.33, 611.08, 210.12, -0.4176, 0.0091, 0.0356, -10.2839, -77.4953, 1959.4556, -0.0082, 4.9073, 0.0500, 3.0000
2172.498,-8.15, -64.81, 1971.76, 589.46, 210.21, -0.4187, 0.0138, 0.0369, -15.4910, -77.5043, 1959.9390, 1.3536, 0.6517, 0.0500, 0.7406
2177.891,-13.35, -64.76, 1971.22, 567.66, 210.35, -0.4200, 0.0151, 0.0378, -20.6910, -77.4724, 1959.4308, 1.1139, 1.4940, 0.0500, 1.8004
2183.514,-18.51, -64.72, 1970.52, 545.98, 210.44, -0.4202, 0.0176, 0.0388, -25.8750, -77.4334, 1958.7491, -0.0171, 0.0173, 0.0500, 0.5775
2189.483,-23.66, -64.75, 1971.20, 524.38, 210.38, -0.4183, 0.0218, 0.0400, -31.0771, -77.4518, 1959.4413, -0.0017, 5.9574, 0.0500, 0.8337
2194.788,-28.80, -64.71, 1970.72, 502.78, 210.50, -0.4190, 0.0249, 0.0410, -36.2503, -77.4185, 1958.9943, -0.0021, 2.2374, 0.0500, 3.0000
2200.252,-33.91, -64.60, 1969.19, 481.22, 210.74, -0.4219, 0.0302, 0.0418, -41.4234, -77.3448, 1957.5451, 1.5326, 0.4339, 0.0500, 1.8936
2205.478,-39.01, -64.53, 1968.01, 459.68, 210.88, -0.4228, 0.0343, 0.0427, -46.5748, -77.2813, 1956.4037, 0.0504, -0.1273, 0.0500, 3.0000
2210.531,-44.08, -64.46, 1966.97, 438.27, 211.02, -0.4242, 0.0410, 0.0437, -51.7254, -77.2299, 1955.4370, 2.1107, 5.9699, 0.0500, 1.3695
2215.913,-49.18, -64.42, 1966.90, 416.83, 211.19, -0.4259, 0.0469, 0.0454, -56.8861, -77.2106, 1955.4318, 0.0135, 1.8871, 0.0500, 0.8104
2221.493,-54.39, -64.46, 1968.84, 395.14, 211.29, -0.4266, 0.0500, 0.0465, -62.1276, -77.2622, 1957.4064, -0.0050, 5.7841, 0.0500, 3.0000
2226.834,-59.44, -64.35, 1966.87, 373.64, 211.48, -0.4282, 0.0546, 0.0472, -67.2404, -77.1695, 1955.4987, 1.6428, 0.4618, 0.0500, 1.8586
2232.545,-64.44, -64.12, 1962.43, 352.02, 211.80, -0.4308, 0.0583, 0.0480, -72.2765, -76.9779, 1951.1236, 1.0257, 1.0381, 0.0500, 3.0000
2238.402,-69.50, -64.06, 1960.54, 330.40, 211.80, -0.4291, 0.0629, 0.0491, -77.3912, -76.8988, 1949.2427, 0.0299, 0.2223, 0.0500, 0.9036
2244.120,-74.65, -64.05, 1960.58, 308.68, 211.87, -0.4296, 0.0645, 0.0500, -82.5525, -76.8931, 1949.3054, -0.0034, 11.0363, 0.0392, 3.0000
2249.915,-79.77, -64.02, 1959.95, 286.95, 211.91, -0.4289, 0.0686, 0.0520, -87.7127, -76.8648, 1948.7039, 0.1510, -0.1560, 0.0500, 3.0000
2255.340,-84.74, -63.83, 1956.18, 265.31, 212.17, -0.4311, 0.0716, 0.0528, -92.7058, -76.7043, 1944.9922, 2.3805, 6.9432, 0.0500, 1.3578
2434.510,68.24, -88.44, 1983.99, 908.21, 114.99, -0.4510, -0.0499, 0.0191, 61.6323, -101.4736, 1972.1113, -0.0021, 4.1171, 0.0500, 3.0000
2443.371,63.16, -88.55, 1986.23, 886.74, 114.94, -0.4497, -0.0464, 0.0202, 56.5179, -101.5727, 1974.3600, 0.5950, 8.8832, 0.0001, 3.0000
2448.925,58.10, -88.68, 1988.23, 865.42, 114.79, -0.4460, -0.0408, 0.0215, 51.3874, -101.6576, 1976.3542, -0.0022, 5.6230, 0.0500, 3.0000
2454.078,53.05, -88.85, 1991.36, 844.05, 114.65, -0.4428, -0.0364, 0.0226, 46.2848, -101.7947, 1979.4692, 0.0579, -0.1028, 0.0500, 1.4743
2459.322,47.91, -88.94, 1993.06, 822.56, 114.61, -0.4409, -0.0343, 0.0234, 41.1313, -101.8604, 1981.1680, 0.0112, 1.6008, 0.0500, 0.1000
2465.165,42.72, -88.82, 1991.33, 801.16, 114.76, -0.4417, -0.0308, 0.0239, 35.8912, -101.7532, 1979.4685, -0.0063, 4.7970, 0.0500, 3.0000
2470.386,37.62, -88.84, 1992.04, 779.91, 114.84, -0.4417, -0.0246, 0.0254, 30.7161, -101.7671, 1980.2215, 0.2464, 0.0986, 0.0500, 0.7173
2475.539,32.49, -88.86, 1992.94, 758.57, 114.89, -0.4414, -0.0197, 0.0268, 25.5371, -101.7944, 1981.1535, 0.1284, 0.1264, 0.0500, 3.0000
2480.713,27.35, -88.90, 1993.87, 737.15, 114.93, -0.4409, -0.0161, 0.0281, 20.3511, -101.8255, 1982.1096, 1.0240, 2.1265, 0.0500, 0.9502
2485.863,22.19, -88.96, 1995.48, 715.68, 114.97, -0.4402, -0.0139, 0.0289, 15.1709, -101.8806, 1983.7203, 1.2676, 1.3243, 0.0500, 0.7988
2491.551,17.02, -89.01, 1996.82, 694.22, 115.00, -0.4394, -0.0120, 0.0297, 9.9871, -101.9269, 1985.0698, -0.0013, 2.2887, 0.0500, 3.0000
2496.755,11.86, -89.01, 1996.98, 672.79, 115.02, -0.4387, -0.0092, 0.0306, 4.7878, -101.9226, 1985.2345, -0.0015, 5.5243, 0.0500, 3.0000
2502.177,6.74, -89.06, 1997.94, 651.58, 115.01, -0.4376, -0.0029, 0.0327, -0.3992, -101.9606, 1986.2335, 0.0279, 0.2280, 0.0500, 0.9851
2508.507,1.61, -88.95, 1997.22, 630.34, 115.30, -0.4405, 0.0026, 0.0337, -5.5944, -101.8935, 1985.5949, -0.0017, 3.7200, 0.0500, 1.2530
2514.436,-3.56, -88.96, 1997.61, 608.94, 115.36, -0.4403, 0.0056, 0.0344, -10.7957, -101.8934, 1985.9992, -0.0010, 2.4385, 0.0500, 3.0000
2521.198,-8.76, -88.98, 1998.56, 587.43, 115.45, -0.4410, 0.0061, 0.0351, -15.9939, -101.9264, 1986.9603, -0.0017, 5.8966, 0.0500, 0.6357
2526.681,-13.87, -88.94, 1997.28, 566.22, 115.39, -0.4382, 0.0119, 0.0369, -21.1727, -101.8559, 1985.6932, 0.0562, 0.1789, 0.0500, 0.7988
2533.271,-18.97, -88.82, 1996.50, 545.05, 115.71, -0.4416, 0.0182, 0.0380, -26.3527, -101.7810, 1985.0095, 0.0814, 0.3927, 0.0500, 0.7056
2539.559,-24.13, -88.90, 1997.27, 523.74, 115.55, -0.4373, 0.0215, 0.0388, -31.5447, -101.8069, 1985.7510, 1.2379, 5.9313, 0.0500, 0.9618
2545.436,-29.27, -88.78, 1995.82, 502.36, 115.75, -0.4397, 0.0243, 0.0395, -36.7166, -101.7214, 1984.3464, 0.1608, 0.1117, 0.0500, 1.0900
2552.500,-34.38, -88.79, 1996.33, 481.21, 115.82, -0.4396, 0.0305, 0.0410, -41.8981, -101.7278, 1984.9069, -0.0070, 4.2357, 0.0031, 3.0000
2558.344,-39.52, -88.81, 1997.01, 459.98, 115.85, -0.4389, 0.0358, 0.0422, -47.0962, -101.7446, 1985.6192, 0.8793, 1.9822, 0.0500, 0.6357
2563.613,-44.61, -88.78, 1996.20, 438.81, 115.81, -0.4364, 0.0390, 0.0428, -52.2278, -101.6875, 1984.8073, 0.0007, 3.0503, 0.0500, 0.7755
2568.745,-49.73, -88.62, 1994.58, 417.42, 116.17, -0.4413, 0.0423, 0.0444, -57.3751, -101.5912, 1983.2781, 0.0586, 0.1751, 0.0500, 3.0000
2575.463,-54.88, -88.43, 1992.09, 395.78, 116.53, -0.4452, 0.0426, 0.0448, -62.5218, -101.4413, 1980.8377, 0.0697, -0.1059, 0.0500, 0.1000
2581.988,-59.97, -88.39, 1992.07, 374.61, 116.68, -0.4463, 0.0471, 0.0466, -67.6602, -101.4224, 1980.8732, -0.0005, 4.3539, 0.0500, 0.1000
2588.990,-65.13, -88.38, 1992.05, 353.19, 116.71, -0.4454, 0.0499, 0.0481, -72.8416, -101.4088, 1980.8625, -0.0033, 3.3597, 0.0500, 0.8337
2594.350,-70.24, -88.34, 1991.42, 331.86, 116.73, -0.4437, 0.0535, 0.0488, -77.9983, -101.3579, 1980.2410, 0.0980, 0.1357, 0.0500, 1.0317
2599.640,-75.24, -88.10, 1987.92, 310.56, 117.11, -0.4479, 0.0590, 0.0499, -83.0534, -101.1587, 1976.8332, 0.1951, 0.1047, 0.0500, 3.0000
2604.856,-80.32, -88.08, 1987.46, 289.35, 117.10, -0.4462, 0.0643, 0.0504, -88.2007, -101.1161, 1976.3952, -0.0013, 2.3796, 0.0500, 3.0000
2610.741,-85.45, -88.00, 1986.99, 267.90, 117.34, -0.4490, 0.0666, 0.0511, -93.3551, -101.0712, 1975.9891, 0.1570, 0.1119, 0.0500, 0.6940
